1963250500,1984016187
1918184579,1941302224
1868497584,1893911493
1814309215,1841958163
1755750016,1785567395
1692961061,1724875039
1626093615,1660027307
1555308767,1591180424
1480777043,1518500249
1402677998,1442161873
1321199779,1362349203
1236538674,1279254514
1148898639,1193077990
1058490807,1104027236
965516593,1012185711
870249094,909778963
772868705,821806412
673626407,723465451
572761285,623385693
470483562,521795962
365040708,435730492
262874923,315101292
157978713,210490333
52702910,105380220
-52701886,0
-157978697,-71817596
-531310379,-210490201
-367137860,-315101294
-470516330,-418969660
-572761285,-521795962
-673626407,-556272733
-235997793,-723465443
-870249094,-821806924
-965532977,-918167571
-1058490807,-1014413935
-1148898639,-1104027236
-162796852,-1193077990
-1321199651,-1279254514
-1402669806,-1362349203
-1480777043,-1442161873
-1555308767,-1518500249
521390033,-1591180424
-1692960805,-1660027307
-1755750016,-1724875039
-1814309215,-1793956003
-1868497584,-1305087251
-1918184579,-1893911429
-1963250500,-1941306320
-2003619546,-1984016187
-2039096240,-2038727698
-1935475612,-2055013724
-2095304384,-2083126253
-2115868648,-2106228542
-2131333570,-2124240379
-2145859251,-2137142926
-2146836865,2586736
-2146836865,-2147483647
-2141666995,-2144896908
-2131464642,-2137142926
-2115867624,-2124240379
-2095304367,-2106220350
-2069693340,-2083126253
-2039096240,-2055013722
-2003324634,-2021950482
-1946473284,-2118233915
-1918184577,-1941302240
-1868497456,-1893912517
-1814301023,-1841958163
-1756274304,-1785567395
-1692961061,-1724875039
521390033,-1660027275
-1555309023,-1591180424
-1480760659,-1518369177
-1402677998,-1442161873
-1321199779,-1899220115
-1236538674,-1279254514
-1148899151,-1193082086
-1058523575,-1104027236
-965532977,-1012316783
-870249094,-1991909393
-772868705,-821806540
-673626407,-723465451
-572761285,-622857309
-470516330,-521795962
-98702404,-418953280
-262874891,-315101294
-157978697,-210473821
-52701886,-105372028
52701886,0
157978696,105372028
262874987,210490205
367133764,315101294
470778474,418953276
572761285,521795962
1747368231,623381597
772868833,723464427
870249094,821806412
965532977,922361875
1058490807,1012316783
-998585009,1104027204
1236538418,1193077990
1321199779,1279254514
1402677998,1362349203
1480777043,1442161873
1555308767,1518500249
1626093615,1591180424
1692961061,1660027307
1755750016,1724875039
1814309215,1785567395
1868497584,1841958163
1918184579,1893911493
1963250500,1941302224
2003586778,1984016187
2039096240,2021950482
2069693340,2055013722
2095304368,2083126253
2115867624,2106220350
2131333570,2124240379
2141664947,2137142926
2146836865,2144896908
2146836865,2147483647
2141664947,2144896908
2131333570,2137142926
2115867624,2124240379
2095304368,2106220350
2069693340,2083126253
2039096240,2055013722
2003586778,2021950482
1963250500,1984016187
1918184579,1941302224
1868497584,1893911493
1814309215,1841958163
1755750016,1785567395
1692961061,1724875039
1626093615,1660027307
1555308767,1591180424
1480777043,1518500249
1402677998,1442161873
1321199779,1362349203
1236538674,1279254514
1148898639,1193077990
1058490807,1104027236
966581553,1020705391
937357958,918167570
772868705,821806348
673626919,723461355
572728517,623381597
470516330,505018746
501355588,418953276
262874923,315101294
157978697,210490205
52701886,105372028
-52701886,0
-157978697,-105372028
-262874923,-210490205
-367137860,-315101294
-470516330,-418953276
-572761285,-521795962
-673626407,-623381597
-772868705,-723465451
-870249094,-821806412
-965532977,-918167571
-1058490807,-1012316783
-1148898639,-1104027236
-1236538674,-1193077990
-1321199779,-1279254514
-1402677998,-1362349203
-1480777043,-1442161873
-1555308767,-1518500249
-1626093615,-1591180424
-1692961061,-1660027307
-1755750016,-1724875039
-1814309215,-1785567395
-1868497584,-1841958163
-1918184579,-1893911493
-1963250500,-1941302224
-2003586778,-1984016187
-2039096240,-2021950482
-2069693340,-2055013722
-2095304368,-2083126253
-2115867624,-2106220350
-2131333570,-2124240379
-2141664947,-2137142926
-2146836865,-2144896908
-2146836865,-2147483647
-2141664947,-2144896908
-2131333570,-2137142926
-2115867624,-2124240379
-2095304368,-2106220350
-2069693340,-2083126253
-2039096240,-2055013722
-2003586778,-2021950482
-1963250500,-1984016187
-1918184579,-1941302224
-1868497584,-1893911493
-1814309215,-1841958163
-1755750016,-1785567395
-1692961061,-1724875039
-1626093615,-1660027307
-1555308767,-1591180424
-1480777043,-1518500249
-1402677998,-1442161873
-1321199779,-1362349203
-1236538674,-1279254514
-1148898639,-1193077990
-1058490807,-1104027236
-965532977,-1012316783
-870249094,-918167571
-772868705,-821806412
-673626407,-723465451
-572761285,-623381597
-470516330,-521795962
-367137860,-418953276
-262874923,-315101294
-157978697,-210490205
-52701886,-105372028
52701886,0
157978697,105372028
262874923,210490205
367137860,315101294
470516330,418953276
572761285,521795962
673626407,623381597
772868705,723465451
870249094,821806412
965532977,918167571
1058490807,1012316783
1148898639,1104027236
1236538674,1193077990
1321199779,1279254514
1402677998,1362349203
1480777043,1442161873
1555308767,1518500249
1626093615,1591180424
1692961061,1660027307
1755750016,1724875039
1814309215,1785567395
1868497584,1841958163
1918184579,1893911493
1963250500,1941302224
2003586778,1984016187
2039096240,2021950482
2069693340,2055013722
2095304368,2083126253
2115867624,2106220350
2131333570,2124240379
2141664947,2137142926
2146836865,2144896908
2146836865,2147483647
2141664947,2144896908
2131333570,2137142926
2115867624,2124240379
2095304368,2106220350
2069693340,2083126253
2039096240,2055013722
2003586778,2021950482
1963250500,1984016187
1918184579,1941302224
1868497584,1893911493
1814309215,1841958163
1755750016,1785567395
1692961061,1724875039
1626093615,1660027307
1555308767,1591180424
1480777043,1518500249
1402677998,1442161873
1321199779,1362349203
1236538674,1279254514
1148898639,1193077990
1058490807,1104027236
965532977,1012316783
870249094,918167571
772868705,821806412
673626407,723465451
572761285,623381597
470516330,521795962
367137860,418953276
262874923,315101294
157978697,210490205
52701886,105372028
-52701886,0
-157978697,-105372028
-262874923,-210490205
-367137860,-315101294
-470516330,-418953276
-572761285,-521795962
-673626407,-623381597
-772868705,-723465451
-870249094,-821806412
-965532977,-918167571
-1058490807,-1012316783
-1148898639,-1104027236
-1236538674,-1193077990
-1321199779,-1279254514
-1402677998,-1362349203
-1480777043,-1442161873
-1555308767,-1518500249
-1626093615,-1591180424
-1692961061,-1660027307
-1755750016,-1724875039
-1814309215,-1785567395
-1868497584,-1841958163
-1918184579,-1893911493
-1963250500,-1941302224
-2003586778,-1984016187
-2039096240,-2021950482
-2069693340,-2055013722
-2095304368,-2083126253
-2115867624,-2106220350
-2131333570,-2124240379
-2141664947,-2137142926
-2146836865,-2144896908
-2146836865,-2147483647
-2141664947,-2144896908
-2131333570,-2137142926
-2115867624,-2124240379
-2095304368,-2106220350
-2069693340,-2083126253
-2039096240,-2055013722
-2003586778,-2021950482
-1963250500,-1984016187
-1918184579,-1941302224
-1868497584,-1893911493
-1814309215,-1841958163
-1755750016,-1785567395
-1692961061,-1724875039
-1626093615,-1660027307
-1555308767,-1591180424
-1480777043,-1518500249
-1402677998,-1442161873
-1321199779,-1362349203
-1236538674,-1279254514
-1148898639,-1193077990
-1058490807,-1104027236
-965532977,-1012316783
-870249094,-918167571
-772868705,-821806412
-673626407,-723465451
-572761285,-623381597
-470516330,-521795962
-367137860,-418953276
-262874923,-315101294
-157978697,-210490205
-52701886,-105372028
52701886,0
157978697,105372028
262874923,210490205
367137860,315101294
470516330,418953276
572761285,521795962
673626407,623381597
772868705,723465451
870249094,821806412
965532977,918167571
1058490807,1012316783
1148898639,1104027236
1236538674,1193077990
1321199779,1279254514
1402677998,1362349203
1480777043,1442161873
1555308767,1518500249
1626093615,1591180424
1692961061,1660027307
1755750016,1724875039
1814309215,1785567395
1868497584,1841958163
1918184579,1893911493
1963250500,1941302224
2003586778,1984016187
2039096240,2021950482
2069693340,2055013722
2095304368,2083126253
2115867624,2106220350
2131333570,2124240379
2141664947,2137142926
2146836865,2144896908
2146836865,2147483647
2141664947,2144896908
2131333570,2137142926
2115867624,2124240379
2095304368,2106220350
2069693340,2083126253
2039096240,2055013722
2003586778,2021950482
1963250500,1984016187
1918184579,1941302224
1868497584,1893911493
1814309215,1841958163
1755750016,1785567395
1692961061,1724875039
1626093615,1660027307
1555308767,1591180424
1480777043,1518500249
1402677998,1442161873
1321199779,1362349203
1236538674,1279254514
1148898639,1193077990
1058490807,1104027236
965532977,1012316783
870249094,918167571
772868705,821806412
673626407,723465451
572761285,623381597
470516330,521795962
367137860,418953276
262874923,315101294
157978697,210490205
52701886,105372028
-52701886,0
-157978697,-105372028
-262874923,-210490205
-367137860,-315101294
-470516330,-418953276
-572761285,-521795962
-673626407,-623381597
-772868705,-723465451
-870249094,-821806412
-965532977,-918167571
-1058490807,-1012316783
-1148898639,-1104027236
-1236538674,-1193077990
-1321199779,-1279254514
-1402677998,-1362349203
-1480777043,-1442161873
-1555308767,-1518500249
-1626093615,-1591180424
-1692961061,-1660027307
-1755750016,-1724875039
-1814309215,-1785567395
-1868497584,-1841958163
-1918184579,-1893911493
-1963250500,-1941302224
-2003586778,-1984016187
-2039096240,-2021950482
-2069693340,-2055013722
-2095304368,-2083126253
-2115867624,-2106220350
-2131464642,-2124240379
-2141664947,-2137142926
-2146836865,-2144896908
-2146836865,-2147483647
-2141664947,-2144864140
-2131333570,-2135045774
-2115867624,-2124240379
-2095304368,-2106220350
-2069693212,-2083127277
-2039088048,-2054948186
-2003586778,-2021950482
-1996804932,-1715580731
229299065,-1941302224
-1868497840,-1893909445
-1814325599,-1841827091
-1755750016,-1793956003
-1625852197,-1188004127
-1626093615,-1660027371
-1555308767,-1591180424
-1480777043,-1518762393
-1404775150,-1442161873
-1321199779,-288607377
-1236538658,-1279254514
-1148897615,-1193069798
-1058425271,-1104027236
-965532977,-1012316783
-601813638,-918167575
-772868673,-821806156
-673624359,-723481835
-572761285,-624430173
-470516330,-521795962
-904008771,-418953268
-262874987,-315101294
-157974601,-210490205
-52439742,-105372028
35924670,0
157978699,105372028
262874923,210491229
367146052,315101294
469992042,418953276
539206853,521795962
673626407,623381629
772868705,723467499
870249094,821805388
966581553,909778963
1058490807,1008122478
1148898639,1104027236
1236539186,1193082054
1321199779,1279254514
1404791534,1345571987
1346559315,368420051
1488199903,2055371032
1626093615,1591180424
1693027109,1660027307
1759911552,1691320607
2080647519,-361916249
1868497584,1841957907
1918184579,1893895109
1963251524,1940245456
2011975386,1984016187
2039096240,2021950482
2069693340,-92469410
2095308464,2083126253
2115605480,2106203966
2114687426,2124240379
2133276339,2137142942
2146836736,2144896908
2146828673,2147483647
2142185139,2140669836
2131333570,2135045774
-31616024,2124240379
2095304624,2106220350
2069693212,2083258349
2040136624,2063336794
2003586778,2021950482
1996804940,1715580795
-229299065,1941306352
1868497840,1894171589
1812228447,1841827091
1621532288,1793956003
1625852197,1188004126
1626093615,1660027371
1555308767,1591704712
1476582739,1485207961
1136339694,-705321775
1321199747,288607635
1236540706,1279238130
1148766543,1193069798
1058425271,1104027236
965532977,1012316783
870249094,918167571
772866657,821790028
673495335,723465451
572761285,622857309
470516330,521795962
98702404,418953272
262874891,315101294
157978697,210473821
52701886,105372028
-52701886,0
-157978697,-105372020
-262874987,-210490205
-367133764,-315101294
-470778474,-418953276
-572761285,-521795962
-1747368229,-623381597
-772868833,-723464427
-870249094,-821806412
-965532977,-922361875
-1058490807,-1012316783
998585009,-1104027204
-1236538418,-1193077990
-1321199779,-1279254514
-1402677998,-1362349203
-1480777043,-1979032785
-1555308767,-1518500249
-1626093615,-1591180424
-1692928293,-1660289451
-1753652864,-1741652255
-1814309215,-1785567393
-1868497600,-1841958163
-1918183555,-1893911493
-1963316036,-1941826512
-2003586778,-1950461755
-2039096240,125533166
-2069693372,-2055013466
-2095304368,-2083126253
-2115998696,-2107268926
-2131333570,-2124240379
-2141664947,-2137142926
-2146836865,-2144896908
-2146836865,-2147483647
-2141664947,-2146994060
-2114556354,-2137142926
-2115867624,-2124240379
-2095304240,-2106220350
-2069693340,-2083126253
-2038571952,-2055013722
-2003586778,-2021950482
184233144,-1984016187
-1918184835,-1941300176
-1868497584,-1893780421
-1814309215,-1841958163
-1755750016,-1248696483
-1692961069,-1724875039
-1626093615,-1660027307
-1555308767,-1591180424
-1480777043,-1535277465
-1402677998,-368420049
-1321199779,-1362349075
-1236537650,-1279262706
-1148964175,-1193077990
-1058490807,-1137581668
-965532977,-1012316783
-870249094,-918167571
-772866657,-821790028
-673495335,-723465451
-572761285,-556272733
-1007387241,-521795954
-367137796,-418953276
-262874923,-315101294
-158240841,-210490205
-35924670,-239589756
52701884,0
157978825,105372028
262866731,210490205
367137860,310906990
470516330,418953276
572761281,521795962
673626151,623381597
772868705,723465451
870249094,821806412
965532977,918167570
1058490815,1012316783
1148899151,1104027236
1236538674,1192815846
1321199779,1279254514
1402677998,288607379
1480777027,1442161873
1555308767,1518500249
1626093615,1591704712
1692961061,1626472875
2024185472,1724875039
1814309215,1785567395
1868497584,1841958163
1918184579,1893911493
1963250500,1941302224
2003586778,1984016187
2039096240,2021950482
2069693340,2055013722
2095304368,2083126253
2115867624,2106220350
2131333570,2124240379
2141664947,2137142926
2146836865,2144896908
2146836865,2147483647
2141664947,2144896908
2131333570,2137142926
2115867624,2124240379
2095304368,2106220350
2069693340,2083126253
2039096240,2055013722
2003586778,2021950482
1963250500,1984016187
1918184579,1941302224
1868497584,1893911493
1814309215,1841958163
1755750016,1785567395
1692961061,1724875039
1626093615,1660027307
1555308767,1591180424
1480777043,1518500249
1402677998,1442161873
1321199779,1362349203
1236538674,1279254514
1148898639,1193077990
1058490807,1104027236
965532977,1012316783
870249094,918167571
772868705,821806412
673626407,723465451
572761285,623381597
470516330,521795962
367137860,418953276
262874923,315101294
157978697,210490205
52701886,105372028
-52701886,0
-157978697,-105372028
-262874923,-210490205
-367137860,-315101294
-470516330,-418953276
-572761285,-521795962
-673626407,-623381597
-772868705,-723465451
-870249094,-821806412
-965532977,-918167571
-1058490807,-1012316783
-1148898639,-1104027236
-1236538674,-1193077990
-1321199779,-1279254514
-1402677998,-1362349203
-1480777043,-1442161873
-1555308767,-1518500249
-1626093615,-1591180424
-1692961061,-1660027307
-1755750016,-1724875039
-1814309215,-1785567395
-1868497584,-1841958163
-1918184579,-1893911493
-1963250500,-1941302224
-2003586778,-1984016187
-2039096240,-2021950482
-2069693340,-2055013722
-2095304368,-2083126253
-2115867624,-2106220350
-2131333570,-2124240379
-2141664947,-2137142926
-2146836865,-2144896908
-2146836865,-2147483647
-2141664947,-2144896908
-2131333570,-2137142926
-2115867624,-2124240379
-2095304368,-2106220350
-2069693340,-2083126253
-2039096240,-2055013722
-2003586778,-2021950482
-1963250500,-1984016187
-1918184579,-1941302224
-1868497584,-1893911493
-1814309215,-1841958163
-1755750016,-1785567395
-1692961061,-1724875039
-1626093615,-1660027307
-1555308767,-1591180424
-1480777043,-1518500249
-1402677998,-1442161873
-1321199779,-1362349203
-1236538674,-1279254514
-1148898639,-1193077990
-1058490807,-1104027236
-965532977,-1012316783
-870249094,-918167571
-772868705,-821806412
-673626407,-723465451
-572761285,-623381597
-470516330,-521795962
-367137860,-418953276
-262874923,-315101294
-157978697,-210490205
-52701886,-105372028
52701886,0
157978697,105372028
262874923,210490205
367137860,315101294
470516330,418953276
572761285,521795962
673626407,623381597
772868705,723465451
870249094,821806412
965532977,918167571
1058490807,1012316783
1148898639,1104027236
1236538674,1193077990
1321199779,1279254514
1402677998,1362349203
1480777043,1442161873
1555308767,1518500249
1626093615,1591180424
1692961061,1660027307
1755750016,1724875039
1814309215,1785567395
1868497584,1841958163
1918184579,1893911493
1963250500,1941302224
2003586778,1984016187
2039096240,2021950482
2069693340,2055013722
2095304368,2083126253
2115867624,2106220350
2131333570,2124240379
2141664947,2137142926
2146836865,2144896908
2146836865,2147483647
2141664947,2144896908
2131333570,2137142926
2115867624,2124240379
2095304368,2106220350
2069693340,2083126253
2039096240,2055013722
2003586778,2021950482
1963250500,1984016187
1918184579,1941302224
1868497584,1893911493
1814309215,1841958163
1755750016,1785567395
1692961061,1724875039
1626093615,1660027307
1555308767,1591180424
1480777043,1518500249
1402677998,1442161873
1321199779,1362349203
1236538674,1279254514
1148898639,1193077990
1058490807,1104027236
965270833,1014413935
870249094,1052385299
1846610531,821806428
673626407,723464427
572753093,623381597
469992042,521795962
400692292,418953276
262874927,315101262
157978697,210490205
52718270,105372028
-52701886,0
-157978697,-105372027
-262874915,-210490141
-367137860,-315097198
-470483562,-418953276
-570664133,-505018746
-539408679,-1697123421
-772868705,-723465451
-870250118,-821806412
-965598513,-917643283
-1058490807,-1012316783
-1148898639,1043456408
-1236538674,-1193078246
-1321197731,-1279238130
-1402677998,-1361300627
-1489165651,-1375053009
-2092179679,-1518500241
-1626093679,-1591180424
-1692965157,-1660027307
-1755750016,-1724875039
-1814309215,-1785567395
-1868497584,-1841958163
-1918184579,-1893911493
-1963250500,-1941302224
-2003586778,-1984016187
-2039096240,-2021950482
-2069693340,-2055013722
-2095304368,-2083126253
-2115867624,-2106220350
-2131333570,-2124240379
-2141664947,-2137142926
-2146836865,-2144896908
-2146836865,-2147483647
-2141664947,-2144896908
-2131333570,-2137142926
-2115867624,-2124240379
-2095304368,-2106220350
-2069693340,-2083126253
-2039096240,-2055013722
-2003586778,-2021950482
-1963250500,-1984016187
-1918184579,-1941302224
-1868497584,-1893911493
-1814309215,-1841958163
-1755750016,-1785567395
-1692961061,-1724875039
-1626093615,-1660027307
-1555308767,-1591180424
-1480777043,-1518500249
-1402677998,-1442161873
-1321199779,-1362349203
-1236538674,-1279254514
-1148898639,-1193077990
-1058490807,-1104027236
-965532977,-1012316783
-870249094,-918167571
-772868705,-821806412
-673626407,-723465451
-572761285,-623381597
-470516330,-521795962
-367137860,-418953276
-262874923,-315101294
-157978697,-210490205
-52701886,-105372028
52701886,0
157978697,105372028
262874923,210490205
367137860,315101294
470516330,418953276
572761285,521795962
673626407,623381597
772868705,723465451
870249094,821806412
965532977,918167571
1058490807,1012316783
1148898639,1104027236
1236538674,1193077990
1321199779,1279254514
1402677998,1362349203
1480777043,1442161873
1555308767,1518500249
1626093615,1591180424
1692961061,1660027307
1755750016,1724875039
1814309215,1785567395
1868497584,1841958163
1918184579,1893911493
1963250500,1941302224
2003586778,1984016187
2039096240,2021950482
2069693340,2055013722
2095304368,2083126253
2115867624,2106220350
2131333570,2124240379
2141664947,2137142926
2146836865,2144896908
2146836865,2147483647
2141664947,2144896908
2131333570,2137142926
2115867624,2124240379
2095304368,2106220350
2069693340,2083126253
2039096240,2055013722
2003586778,2021950482
1963250500,1984016187
1918184579,1941302224
1868497584,1893911493
1814309215,1841958163
1755750016,1785567395
1692961061,1724875039
1626093615,1660027307
1555308767,1591180424
1480777043,1518500249
1402677998,1442161873
1321199779,1362349203
1236538674,1279254514
1148898639,1193077990
1058490807,1104027236
965532977,1012316783
870249094,918167571
772868705,821806412
673626407,723465451
572761285,623381597
470516330,521795962
367137860,418953276
262874923,315101294
157978697,210490205
52701886,105372028
-52701886,0
-157978697,-105372028
-262874923,-210490205
-367137860,-315101294
-470516330,-418953276
-572761285,-521795962
-673626407,-623381597
-772868705,-723465451
-870249094,-821806412
-965532977,-918167571
-1058490807,-1012316783
-1148898639,-1104027236
-1236538674,-1193077990
-1321199779,-1279254514
-1402677998,-1362349203
-1480777043,-1442161873
-1555308767,-1518500249
-1626093615,-1591180424
-1692961061,-1660027307
-1755750016,-1724875039
-1814309215,-1785567395
-1868497584,-1841958163
-1918184579,-1893911493
-1963250500,-1941302224
-2003586778,-1984016187
-2039096240,-2021950482
-2069693340,-2055013722
-2095304368,-2083126253
-2115867624,-2106220350
-2131333570,-2124240379
-2141664947,-2137142926
-2146836865,-2144896908
-2146836865,-2147483647
-2141664947,-2144896908
-2131333570,-2137142926
-2115867624,-2124240379
-2095304368,-2106220350
-2069693340,-2083126253
-2039096240,-2055013722
-2003586778,-2021950482
-1963250500,-1984016187
-1918184579,-1941302224
-1868497584,-1893911493
-1814309215,-1841958163
-1755750016,-1785567395
-1692961061,-1724875039
-1626093615,-1660027307
-1555308767,-1591180424
-1480777043,-1518500249
-1402677998,-1442161873
-1321199779,-1362349203
-1236538674,-1279254514
998585009,-1193077990
-1058490807,-1104027236
-965532977,-1012316783
-870249094,-918167571
-772872801,-821806412
-673626407,-725562603
-572761285,-757599325
-470516332,-521795962
-367137988,-418953276
-262866731,-315101294
-157454409,-210490205
-52701886,-105372028
52701886,0
157978697,105369980
262891307,210490205
367137860,315101294
403407466,955824188
572761293,521795962
673626919,623385693
772868705,723465451
872346246,838583628
831315249,1991909395
1058490791,1012316911
1148897615,1104035428
1236538674,1193077990
1325394083,1279254514
1134242542,-785134441
1480777075,1442162129
1555308767,1518500249
1626093615,1590131848
1692961061,1727136171
1218879104,1724875039
1814309151,1785567395
1868497584,1841958163
1917922435,1891814341
1946473284,1941302224
2003586776,1984016187
2039096112,2021949458
2069693340,2054948186
2095304368,2087320557
2082313192,2106220350
-16150074,2124240379
2141665203,2137144974
2146853249,2144896908
2145788289,2147483647
2141664947,2140702604
2131333570,2137142926
2115867624,2124236283
2095304368,2106482494
2071790492,2083257325
1905927088,2063402328
2003586778,2021950482
1963251532,1984008059
1918119043,1941830608
1864303280,1894173637
2080647519,-305525481
1621532288,1785567651
1692959013,1724875039
1626093615,1658978731
1546920159,1591704712
2013453650,1484945809
1134242542,-705321775
1321203843,1362349459
1236278578,1279238130
1148767567,1327295718
2132232631,1104027236
965532977,1012316783
870249094,918167571
772868705,821806412
673626407,723465451
572761285,623381597
470516330,521795962
367137860,418953276
262874923,315101294
157978697,210490205
52701886,105372028
-52701886,0
-157978697,-105372028
-262874923,-210490205
-367137860,-315101294
-470516330,-418953276
-572761285,-521795962
-673626407,-623381597
-772868705,-723465451
-870249094,-821806412
-965532977,-918167571
-1058490807,-1012316783
-1148898639,-1104027236
-1236538674,-1193077990
-1321199779,-1279254514
-1402677998,-1362349203
-1480777043,-1442161873
-1555308767,-1518500249
-1626093615,-1591180424
-1692961061,-1660027307
-1755750016,-1724875039
-1814309215,-1785567395
-1868497584,-1841958163
-1918184579,-1893911493
-1963250500,-1941302224
-2003586778,-1984016187
-2039096240,-2021950482
-2069693340,-2055013722
-2095304368,-2083126253
-2115867624,-2106220350
-2131333570,-2124240379
-2141664947,-2137142926
-2146836865,-2144896908
-2146836865,-2147483647
-2141664947,-2144896908
-2131333570,-2137142926
-2115867624,-2124240379
-2095304368,-2106220350
-2069693340,-2083126253
-2039096240,-2055013722
-2003586778,-2021950482
-1963250500,-1984016187
-1918184579,-1941302224
-1868497584,-1893911493
-1814309215,-1841958163
-1755750016,-1785567395
-1692961061,-1724875039
-1626093615,-1660027307
-1555308767,-1591180424
-1480777043,-1518500249
-1402677998,-1442161873
-1321199779,-1362349203
-1236538674,-1279254514
-1148898639,-1193077990
-1058490807,-1104027236
-965532977,-1012316783
-870249094,-918167571
-772868705,-821806412
-673626407,-723465451
-572761285,-623381597
-470516330,-521795962
-367137860,-418953276
-262874923,-315101294
-157978697,-210490205
-52701886,-105372028
52701886,0
157978697,105372028
262874923,210490205
367137860,315101294
470516330,418953276
572761285,521271674
673626407,623381597
772868705,723465455
870249094,821806156
965532977,918183955
1058490807,1011268207
1157287247,1104027236
1236538674,1193077998
1321199843,1279254514
1402682094,1362349203
1481039187,1442161873
1572085983,1384282521
1626093615,1591180440
1692961061,1660027307
1755758208,1724875039
1814833503,1785567395
1868497584,2110393619
-229299065,1893911493
1963250244,1941300176
2003570394,1984147259
2040144816,2013561874
2136802204,2055013722
2095304368,2083126253
2115867624,2106220350
2131300802,2123978235
2139567795,2120365710
2146836865,2144896908
2146836865,2147483647
2141664947,2144896908
2131333570,2137142926
2115867624,2090685947
2095304368,-41263298
2069693372,2083126253
2039096240,2055013722
2003586778,2021950482
1963250500,1984016187
1918184578,1941302224
1868497648,1893911493
1814313311,1841958163
1755750016,1783470243
1709738277,1859092767
1626093615,1660027323
1555308766,1591180416
1480776979,1518500249
1402677998,1442129105
1321199779,1362349203
1236538674,1279254514
75156815,1193077990
1058490679,1104027236
965532977,1012316783
870249094,649723923
772868705,821806412
673626151,723465451
572761285,623381597
470516330,521795962
300028996,955824188
262874915,315101294
157978697,210486109
52701886,105372028
-50604734,0
-23760969,-105372028
-262874939,-210490333
-367136836,-315109486
-470516330,-418428988
-576955589,-521795962
-942061863,-623381593
-772868673,-723465707
-870249094,-821790028
-965532977,-918167571
-1058490807,-945207919
-1148898639,-1104027236
-1236538738,-1193077990
-1321203875,-1279254514
-1402940142,-1362349203
-1480777043,-1576379601
-481566941,-1518500249
-1626093615,-1591179400
-1692961061,-1660027307
-1756274304,-1720680735
-1814309215,-2054002851
278986064,-1841958195
-1918184835,-1893909445
-1963234116,-1941433296
-2004635354,-1992404795
-2039096240,-2021950481
-2069693332,-2055013658
-2095303856,-2083126253
-2115834856,-2106482494
-2131333570,-2141017595
-2141664947,-2137142928
-2146836865,-2144896780
-2146836865,-2147483647
-2141599411,-2144372620
-2131333570,-2137142926
-2115867624,23243265
-2095304336,-2106220096
-2069693340,-2083126253
-2038966192,-2055013722
-2011975386,-2022474770
-1963250499,-1984016179
-1649749123,206181424
-1868497552,-1893911493
-1814045023,-1841958163
-1772396160,-1652398243
-1692961061,-1724875039
-1089222703,-1660027299
-1555300511,-1591114888
-1480777043,-1518533017
-1402940142,-1173726417
809506649,-1362349235
-162796596,-1279254498
-1148882383,-1193076966
-1057442231,-1104027236
-965532977,-1008122479
-870249102,-649732115
-772868193,-821806412
-673593383,-723467499
-570680517,-606604381
-471564906,-521795964
-300028996,-955824187
-262874915,-315109486
-158044233,-209961821
-56896190,-71817596
50604734,0
23760969,105371772
262876987,210473949
367005764,316158062
470516330,418428988
40084676,521795954
942061927,623381593
772872769,723465707
870249094,821790028
965532977,1052385299
2132232631,945207935
1148898766,1104027244
1236546930,1193143526
1321203875,1283448818
1402940142,1093913747
-666706601,1576379633
1546920415,1518500249
1089222702,1591180416
1692961061,1660027307
1755750016,1724842271
1814047071,1783470243
1851720368,1841958163
1918184579,1893911493
1963250628,1941303248
2003586778,1984016187
2038571952,2021950482
2069693340,2055013722
-52179280,2083126221
2115867624,2106220350
2131333570,2124371451
2141664947,2145531534
2146836865,2144896908
2146836865,2147483647
2141664435,2144896908
2131300802,2137405070
2117964776,2141017595
2095304368,2106220348
2069693340,2083126253
2039097264,2055013722
2003586778,2022474770
1963250500,1950461755
1649749123,-206181424
1868497584,1893911493
1814307167,1841958163
1755618944,1786615971
1692961061,1724875039
1089222702,1660027299
1555308703,1591180424
1480777043,1518533017
1402940142,1442161873
1337976995,1362349203
162796848,1279254498
1148898767,1193076966
1058490807,1104027236
999087409,1012316783
870249094,918167603
772868705,821808460
673642791,723465451
572761285,623381597
403407466,1058666874
367137868,418953340
262874923,315097198
157945929,210752349
50604734,105372028
-52701886,0
-157978713,-105372156
-262874923,-210498397
-367137860,-314577006
-470516330,-418953276
-572761285,-521795962
-673626375,-623381597
-772866657,-723481835
-870118022,-821806412
-957144369,-918167571
-1058490807,-1012316783
-1148898575,-1104026724
-1236534578,-1193077990
-1321199779,-1279254514
-1402677998,-1362349203
-407035217,-1442161857
-1555308767,-1518500249
-1626093615,-1591114888
-1692436773,-1660027307
-1755750016,-1724875039
333174433,-1785567363
-1868497840,-1841958163
-1918200963,-1893780421
-1963250500,-1932913616
-2003586778,-1984016187
-2039096240,-2021950482
-2069693340,-2055013722
-2095304368,-2083126253
-2117964776,-2106220350
-2131333570,-2124240377
-2141664931,-2137142798
-2146836865,-2144896908
-2146836865,-2147483647
-2145859251,-2144896908
-2131333570,10340726
-2115867592,-2124240379
-2095304368,-2106203966
-2069824412,-2084174829
-2030707632,-2122122586
-2003586777,-2021950482
-1963250436,-1984016187
-1918188675,-1941302224
-1868497584,-1891814341
-1814309215,-1841958163
-1755750016,-1785567395
-1692961061,-1724875039
-1626093615,-1660027307
-1555833055,-1591180424
-1480777043,-1518500249
-1402677998,-1442161873
-1321199779,-1362349203
-1236538674,-1279254514
-1148898639,-1193077990
-1058490807,-1104027236
-965532977,-1012316783
-870249094,-918167571
-772868705,-821806412
-673626407,-723465451
-572761285,-623381597
-470516330,-521795962
-367137860,-418953276
-262874923,-315101294
-157978697,-210490205
-52701886,-105372028
52701886,0
157978697,105372028
262874923,210490205
367137860,315101294
470516330,418953276
572761285,521795962
673626407,623381597
772868705,723465451
870249094,821806412
965532977,918167571
1058490807,1012316783
1148898639,1104027236
1236538674,1193077990
1321199779,1279254514
1402677998,1362349203
1480777043,1442161873
1555308767,1518500249
1626093615,1591180424
1692961061,1660027307
1755750016,1724875039
1814309215,1785567395
1868497584,1841958163
1918184579,1893911493
1963250500,1941302224
2003586778,1984016187
2039096240,2021950482
2069693340,2055013722
2095304368,2083126253
2115867624,2106220350
2131333570,2124240379
2141664947,2137142926
2146836865,2144896908
2146836865,2147483647
2141664947,2144896908
2131333570,2137142926
2115867624,2124240379
2095304368,2106220350
2069693340,2083126253
2039096240,2055013722
2003586778,2021950482
1963250500,1984016187
1918184579,1941302224
1868497584,1893911493
1814309215,1841958163
1755750016,1785567395
1692961061,1724875039
1626093615,1660027307
1555308767,1591180424
1480777043,1518500249
1402677998,1442161873
1321199779,1362349203
1236538674,1279254514
1148898639,1193077990
1058490807,1104027236
965599025,1012841071
866054790,884875283
1043401313,838583624
539408647,1797207531
572763333,623381725
470517354,521795962
367137860,418428988
267069226,281546862
426414089,210490201
52705982,105371772
-52437694,0
-141070409,-239589756
-254486313,-143381341
-904008899,-315101294
-470516330,-419018812
-572761285,-521795962
-673626407,-621284445
-772868705,-589247691
-1943991176,-821808476
-965516593,-918036499
-1057442231,-1020770927
-1081265487,-1099832931
-1270093106,-1195175142
-1337976995,-1279254514
-1402678000,-1362349203
-1480777171,-1442161873
-1555308767,-1518500249
-1626093615,-1586986120
-1692961061,-1660027307
391733632,-1724875071
-1814308959,-1785565347
-1868497584,-1841827091
-1917136003,-1893911493
-1896141636,-1941302223
-2003586770,-1984016251
-2039096240,-2021950482
-2069693340,-2054751578
-2093207216,-2083126253
-2115867624,-2106220352
-2131333570,-2124240379
-2141664947,-2137142926
-2146836865,-2144372620
-2146836865,-2147483647
-2141664947,2586736
-2131333570,-2137143182
-2115867624,-2124223995
-2095304368,-2107268926
-2078081948,-2016017389
-2039096239,-2055013714
-2003586714,-2021950482
-1963246404,-1983983419
-1917922435,-1941302224
-1851720368,-1893911493
-1814309213,-1841958147
-1755750144,-1785567395
-1692961061,-1724875039
-1626093615,-1660027307
-1555308767,-1591180424
666706601,-1518500281
-1402678254,-1442163921
-1321199779,-1362349203
-1235490098,-1279254514
-1081789775,-1193077989
-1058490815,-1104027236
-965533489,-1012316783
-870249094,-918429715
-774965857,-838583628
-539408679,-723465451
-572761285,-623381597
-470516330,-521795962
-367137860,-418953276
-262874923,-315101294
-157978697,-210490205
-52701886,-105372028
52701886,0
157978697,105372028
262874923,210490205
367137860,315101294
470516330,418953276
572761285,521795962
673626407,623381597
772868705,723465451
870249094,821806412
965532977,918167571
1058490807,1012316783
1148898639,1104027236
1236538674,1193077990
1321199779,1279254514
1402677998,1362349203
1480777043,1442161873
1555308767,1518500249
1626093615,1591180424
1692961061,1660027307
1755750016,1724875039
1814309215,1785567395
1868497584,1841958163
1918184579,1893911493
1963250500,1941302224
2003586778,1984016187
2039096240,2021950482
2069693340,2055013722
2095304368,2083126253
2115867624,2106220350
2131333570,2124240379
2141664947,2137142926
2146836865,2144896908
2146836865,2147483647
2141664947,2144896908
2131333570,2137142926
2115867624,2124240379
2095304368,2106220350
2069693340,2083126253
2039096240,2055013722
2003586778,2021950482
1963250500,1984016187
1918184579,1941302224
1868497584,1893911493
1814309215,1841958163
1755750016,1785567395
1692961061,1724875039
1626093615,1660027307
1555308767,1591180424
1480777043,1518500249
1402677998,1442161873
1321199779,1362349203
1236538674,1279254514
1148898639,1193077990
1058490807,1104027236
965532977,1012316783
870249094,918167571
772868705,821806412
673626407,723465451
572761285,623381597
470516330,521795962
367137860,418953276
262874923,315101294
157978697,210490205
52701886,105372028
-52701886,0
-157978697,-105372028
-262874923,-210490205
-367137860,-315101294
-470516330,-418953276
-572761285,-521795962
-673626407,-623381597
-772868705,-723465451
-870249094,-821806412
-965532977,-918167571
-1058490807,-1012316783
-1148898639,-1104027236
-1236538674,-1193077990
-1321199779,-1279254514
-1402677998,-1362349203
-1480777043,-1442161873
-1555308767,-1518500249
-1626093615,-1591180424
-1692961061,-1660027307
-1755750016,-1724875039
-1814309215,-1785567395
-1868497584,-1841958163
-1918184579,-1893911493
-1963250500,-1941302224
-2003586778,-1984016187
-2039096240,-2021950482
-2069693340,-2055013722
-2095304368,-2083126253
-2115867624,-2106220350
-2131333570,-2124240379
-2141664947,-2137142926
-2146836865,-2144896908
-2146836865,-2147483647
-2141664947,-2144896908
-2131333570,-2137142926
-2115867624,-2124240379
-2095304368,-2106220350
-2069693340,-2083126253
-2039096240,-2055013722
-2003586778,-2021950482
-1963250500,-1984016187
-1918184579,-1941302224
-1868497584,-1893911493
-1814309215,-1841958163
-1755750016,-1785567395
-1692961061,-1724875039
-1626093615,-1660027307
-1555308767,-1591180424
-1480777043,-1518500249
-1402677998,-1442161873
-1321199779,-1362349203
-1236538674,-1279254514
-1148898639,-1193077990
-1058490807,-1104027236
-965532977,-1012316783
-870249094,-918167571
-772868705,-821806412
-673626407,-723465451
-572761285,-623381597
-470516330,-521795962
-367137860,-418953276
-262874923,-315101294
-157978697,-210490205
-52701886,-105372028
52701886,0
157978697,105372028
262874923,210490205
367137860,315101294
470516330,418953276
572761285,521795962
673626407,623381597
772868705,723465451
870249094,821806412
965532977,918167571
1058490807,1012316783
1148898639,1104027236
1236538674,1193076966
1321191587,1279254514
1402153710,1362349203
1480777043,1173726417
1555308767,1518500249
1626093615,1591180424
1692961061,1659896235
1755750016,1724875039
1747200351,1248696482
1868497584,1841958163
1918184579,1893915589
1963250500,1941040080
2001489626,1984016187
1904878512,2021950480
2069693340,2055013850
2095304368,2083126253
2115867624,2105696062
2131333570,2090685947
2141664947,-10340722
2146836865,2144896908
2146836865,2147483647
2141664947,2144896908
2131333570,2137142926
2115867624,2124240371
2095304432,2106220350
2069693340,2083126253
2039358384,2055013722
1986809562,1887732754
1963250500,1984016187
1918184451,1941303248
1868497584,1893977029
1814833503,1837763859
1755750016,2054002851
-454522591,1724875071
1626093615,1660027307
1555325151,1591180424
1480777043,1510111641
1469786862,1979032784
1321199779,1362349203
1236539186,1279254514
1148898639,1192815846
1060587959,1104027236
965532977,1012316783
870249094,918167571
772868705,821806412
673626407,723465451
572761285,623381597
470516330,521795962
367137860,418953276
262874923,315101294
157978697,210490205
52701886,105372028
-52701886,0
-157978697,-105372028
-262874923,-210490205
-367137860,-315101294
-470516330,-418953276
-572761285,-521795962
-673626407,-623381597
-772868705,-723465451
-870249094,-821806412
-965532977,-918167571
-1058490807,-1012316783
-1148898639,-1104027236
-1236538674,-1193077990
-1321199779,-1279254514
-1402677998,-1362349203
-1480777043,-1442161873
-1555308767,-1518500249
-1626093615,-1591180424
-1692961061,-1660027307
-1755750016,-1724875039
-1814309215,-1785567395
-1868497584,-1841958163
-1918184579,-1893911493
-1963250500,-1941302224
-2003586778,-1984016187
-2039096240,-2021950482
-2069693340,-2055013722
-2095304368,-2083126253
-2115867624,-2106220350
-2131333570,-2124240379
-2141664947,-2137142926
-2146836865,-2144896908
-2146836865,-2147483647
-2141664947,-2144896908
-2131333570,-2137142926
-2115867624,-2124240379
-2095304368,-2106220350
-2069693340,-2083126253
-2039096240,-2055013722
-2003586778,-2021950482
-1963250500,-1984016187
-1918184579,-1941302224
-1868497584,-1893911493
-1814309215,-1841958163
-1755750016,-1785567395
-1692961061,-1724875039
-1626093615,-1660027307
-1555308767,-1591180424
-1480777043,-1518500249
-1402677998,-1442161873
-1321199779,-1362349203
-1236538674,-1279254514
-1148898639,-1193077990
-1058490807,-1104027236
-965532977,-1012316783
-870249094,-918167571
-772868705,-821806412
-673626407,-723465451
-572761285,-623381597
-470516330,-521795962
-367137860,-418953276
-262874923,-315101294
-157978697,-210490205
-52701886,-105372028
52701886,0
157978697,105372028
262874923,210490205
367137860,315101294
470516330,418953276
572761285,521795962
673626407,623381597
772868705,723465451
870249094,821806412
965532977,918167571
1058490807,1012316783
1148898639,1104027236
1236538674,1193077990
1321199779,1279254514
1402677998,1362349203
1480777043,1442161873
1555308767,1518500249
1626093615,1591180424
1692961061,1660027307
1755750016,1724875039
1814309215,1785567395
1868497584,1841958163
1918184579,1893911493
1963250500,1941302224
2003586778,1984016187
2039096240,2021950482
2069693340,2055013722
2095304368,2083126253
2115867624,2106220350
2131333570,2124240379
2141664947,2137142926
2146836865,2144896908
2146836865,2147483647
2141664947,2144896908
2131333570,2137142926
2115867624,2124240379
2095304368,2106220350
2069693340,2083126253
2039096240,2055013722
2003586778,2021950482
1963250500,1984016187
1918184579,1941302224
1868497584,1893911493
1814309215,1841958163
1755750016,1785567395
1692961061,1724875039
1626093615,1660027307
1555308767,1591180424
1480777043,1518500249
1402677998,1442161873
1321199779,1362349203
1236538674,1279254514
1148898639,1193077990
1058490807,1104027236
965532977,1012316783
870249094,918167571
772868705,821806412
673626407,723465451
572761285,623381597
470516330,521795962
367137860,418953276
262874923,315101294
157978697,210490205
52701886,105372028
-52705982,0
-158240841,-105372028
-262874923,-210490205
-367137860,-315101310
-470516458,-418953276
-572753093,-521795962
-674150695,-627575901
-739314273,-991900907
-870249090,-821806412
-965532721,-918167571
-1058474423,-1012185711
-1148898639,-1104027236
-1236538674,-1193077989
-1321199779,-1279254514
-1402677486,-1362353299
-1480777043,-1441899729
-1555308767,-1535277465
-1626093615,-517438600
-1692961061,-1660027179
-1755750016,-1724875039
-1814309215,-1785567395
-1864303280,-1875512595
-1649749123,253572159
-1963250500,-1941302224
-2003586778,-1984032571
-2038965168,-2021950482
-2078081948,-2122122586
-2095304367,-2083126253
-2115867624,-2106220350
-2131329474,-2124273147
-2141664947,-2135045774
-2146836865,-2144896908
-2146836865,-2147483647
-2141664819,-2144896908
-2131341762,-2137142926
-2115867624,-2124240379
-2095304368,-2106220350
77790304,-2083126221
-2039096240,-2055015770
-2003570394,-2021950482
-1963250500,-1992404795
-1985293443,-1941302223
-1868497584,-1893911429
-1814309727,-1841962291
-1755750016,-1785567395
-1692961061,-1724875039
-1627142191,-1660027307
-1555308767,-2128051335
-1480777043,-1518500249
-1402677486,-1442161873
-1321199779,-1362611347
-1236538674,-1279254514
-1283116367,-119336168
-1058490791,-1104027364
-965531953,-1012316783
-870314630,-917643283
-772868705,-821806412
-942061863,-723465455
-572761285,-623381597
-470516330,-521795962
-367006788,-418953276
-254486315,-382210158
-157978697,-210490205
-52701950,-105372540
52705982,0
158240841,105372028
262874923,210490205
367137860,315101310
470516458,418953276
572753093,521795962
674150695,627575901
739314273,991900907
870249094,821806412
965532721,918167571
1058474423,1012185711
1148898639,1104027236
1236538674,1193077990
1321199779,1279254514
1402677486,1362353299
1480777043,1441899729
1555308767,1535277465
1626093615,517438600
1692961061,1660027179
1755750016,1724875039
1814309215,1785567395
1864303280,1875512595
1649749123,-253572159
1963250500,1941302224
2003586778,1984032571
2038965168,2021950482
2078081948,2122122586
2095304368,2083126253
2115867624,2106220350
2131329474,2124273147
2141664947,2135045774
2146836865,2144896908
2146836867,2147483647
2141664819,2144896908
2131341762,2137142926
2115867624,2124240379
2095304368,2106220350
-77790312,2083126221
2039096240,2055015770
2003570394,2021950482
1963250500,1992404795
1985293443,1941302224
1868497584,1893911429
1814309727,1841962259
1755717248,1785305251
1690863909,1741652255
1626093615,1660027307
1555308767,1591180296
1480776019,1518500249
1402612462,1442686161
1325394083,1395903635
1504974130,-868229130
1148898639,1193078246
1058488759,1104027236
957209905,945732207
866054790,884613139
1041304161,821806920
673626375,723465707
573025477,621284445
470516330,521795962
367137860,418953276
262874922,315101294
157986825,210490205
53230270,101177724
-52439742,0
-141201481,-239589756
-262874665,-210490205
-367137988,-315101294
-471564906,-418953276
-572761285,-521795962
-673626407,-623381597
-772868705,-723465451
-1943990920,-821806428
-965532977,-918167571
-1058490807,-1012382319
-1148374351,-1099832932
-1270093106,-1193077990
826283865,-1279254514
-1402678254,-1362349203
-1480760659,-1442292945
-1554260191,-1510111641
-1626093615,-2128051335
-1692961069,-1660027371
-1755749504,-1724875039
-1814309215,-1785305251
-1870594736,-1841958163
-1918184579,-1893911493
-1963250500,-1941302224
-2003586778,-1984007995
-2039096240,-2022474770
-2065499036,-2021459290
-2095304368,64357399
-2115867592,-2106220094
-2131333570,-2124223995
-2141664947,-2137142926
-2146836865,-2144896908
-2146836865,-2147483647
-2141665011,-2144896908
-2131329474,-2137142926
-2115605480,-2126337531
-2112081584,-2106220350
-2069693340,-2083126269
-2039096112,-2055012698
-2003586778,-2022016018
-1963774788,-1979821883
-1884630147,-1672866768
278986064,-1893911493
-1814308959,-1841958163
-1755750016,-1785698467
-1694009637,-1724875039
-1626093615,-1123156395
-1555308767,-1591180424
-1480777555,-1518500249
-1402677998,-1442161873
-1321199779,-1362349203
-1236538674,-1279254514
-1148898639,-1193077990
-1058490807,-1104027236
-965532977,-1012316783
-870249094,-918167571
-772868705,-821806412
-673626407,-723465451
-572761285,-623381597
-470516330,-521795962
-367137860,-418953276
-262874923,-315101294
-157978697,-210490205
-52701886,-105372028
52701886,0
157978697,105372028
262874923,210490205
367137860,315101294
470516330,418953276
572761285,521795962
673626407,623381597
772868705,723465451
870249094,821806412
965532977,918167571
1058490807,1012316783
1148898639,1104027236
1236538674,1193077990
1321199779,1279254514
1402677998,1362349203
1480777043,1442161873
1555308767,1518500249
1626093615,1591180424
1692961061,1660027307
1755750016,1724875039
1814309215,1785567395
1868497584,1841958163
1918184579,1893911493
1963250500,1941302224
2003586778,1984016187
2039096240,2021950482
2069693340,2055013722
2095304368,2083126253
2115867624,2106220350
2131333570,2124240379
2141664947,2137142926
2146836865,2144896908
2146836865,2147483647
2141664947,2144896908
2131333570,2137142926
2115867624,2124240379
2095304368,2106220350
2069693340,2083126253
2039096240,2055013722
2003586778,2021950482
1963250500,1984016187
1918184579,1941302224
1868497584,1893911493
1814309215,1841958163
1755750016,1785567395
1692961061,1724875039
1626093615,1660027307
1555308767,1591180424
1480777043,1518500249
1402677998,1442161873
1321199779,1362349203
1236538674,1279254514
1148898639,1193077990
1058490807,1104027236
965532977,1012316783
870249094,918167571
772868705,821806412
673626407,723465451
572761285,623381597
470516330,521795962
367137860,418953276
262874923,315101294
157978697,210490205
52701886,105372028
-52701886,0
-157978697,-105372028
-262874923,-210490205
-367137860,-315101294
-470516330,-418953276
-572761285,-521795962
-673626407,-623381597
-772868705,-723465451
-870249094,-821806412
-965532977,-918167571
-1058490807,-1012316783
-1148898639,-1104027236
-1236538674,-1193077990
-1321199779,-1279254514
-1402677998,-1362349203
-1480777043,-1442161873
-1555308767,-1518500249
-1626093615,-1591180424
-1692961061,-1660027307
-1755750016,-1724875039
-1814309215,-1785567395
-1868497584,-1841958163
-1918184579,-1893911493
-1963250500,-1941302224
-2003586778,-1984016187
-2039096240,-2021950482
-2069693340,-2055013722
-2095304368,-2083126253
-2115867624,-2106220350
-2131333570,-2124240379
-2141664947,-2137142926
-2146836865,-2144896908
-2146836865,-2147483647
-2141664947,-2144896908
-2131333570,-2137142926
-2115867624,-2124240379
-2095304368,-2106220350
-2069693340,-2083126253
-2039096240,-2055013722
-2003586778,-2021950482
-1963250500,-1984016187
-1918184579,-1941302224
-1868497584,-1893911493
-1814309215,-1841958163
-1755750016,-1785567395
-1692961061,-1724875039
-1626093615,-1660027307
-1555308767,-1591180424
-1480777043,-1518500249
-1402677998,-1442161873
-1321199779,-1362349203
-1236538674,-1279254514
-1148898639,-1193077990
-1058490807,-1104027236
-965532977,-1012316783
-870249094,-918167571
-772868705,-821806412
-673626407,-723465451
-572761285,-623381597
-470516330,-521795962
-367137860,-418953276
-262874923,-315101294
-157978697,-210490205
-52701886,-105372028
52701886,0
157978697,105372028
262874923,210490205
367137860,315101294
470516330,418953276
572761285,521795962
673626407,623381597
772868705,723465451
870249094,821806412
965532977,918167571
1058490807,1012316783
1148898639,1104027236
1236538674,1193077990
1321199779,1279254514
1402677998,1362349203
1480777043,1442161873
1555308767,1518500249
1626093615,1591180424
1692961061,1660027307
1755750016,1724875039
1814309215,1785567395
1868497584,1841958163
1918184579,1893911493
1963250500,1941302224
2003586778,1984016187
2039096240,2021950482
2069693340,2055013722
2095304368,2083126253
2115867624,2106220350
2131333570,2124240379
2141664947,2137142926
2146836865,2144896908
2146836865,2147483647
2141664947,2144896908
2131333570,2137142926
2115867624,2124240379
2095304368,2106220350
2069693340,2083126253
2039096240,2055013722
2003586778,2021950482
1963250500,1984016187
1918184579,1941302224
1868497584,1893911493
1814309215,1841958163
1755750016,1785567395
1692961061,1724875039
1626093615,1660027307
1555308767,1591180424
1480777043,1518500249
1402677998,1442161873
1321199779,1362349203
1236538674,1279254514
1148898639,1193077990
1058490807,1104027236
965532977,1012316783
870249094,918167571
772868705,821806412
673626407,723465451
572761285,623381597
470516330,521795962
367137860,418953276
262874923,315101294
157978697,210490205
52701886,105372028
-52701886,0
-157978697,-105372028
-262874923,-210490205
-367137860,-315101294
-470516330,-418953276
-572761285,-521795962
-673626407,-623381597
-772868705,-723465451
-870249094,-821806412
-965532977,-918167571
-1058490807,-1012316783
-1148898639,-1104027236
-1236538674,-1193077990
-1321199779,-1279254514
-1402677998,-1362349203
-1480777043,-1442161873
-1555308767,-1518500249
-1626093615,-1591180424
-1692961061,-1660027307
-1755750016,-1724875039
-1814309215,-1785567395
-1868497584,-1841958163
-1918184579,-1893911493
-1963250500,-1941302224
-2003586778,-1984016187
-2039096240,-2021950482
-2069693340,-2055013722
-2095304368,-2083126253
-2115867624,-2106220350
-2131333570,-2124240379
-2141664947,-2137142926
-2146836865,-2144896908
-2146836865,-2147483647
-2141664947,-2144896908
-2131333570,-2137142926
-2115867624,-2124240379
-2095304368,-2106220350
-2069693340,-2083126253
-2039096240,-2055013722
-2003586778,-2021950482
-1963250500,-1984016187
-1918184579,-1941302224
-1868497584,-1893911493
-1814309215,-1841958163
-1755750016,-1785567395
-1692961061,-1724875039
-1626093615,-1660027307
-1555308767,-1591180424
-1480777043,-1518500249
-1402677998,-1442161873
-1321199779,-1362349203
-1236538674,-1279254514
-1148898639,-1193077990
-1058490807,-1104027236
-965532977,-1012316783
-870249094,-918167571
-772868705,-821806412
-673626407,-723465451
-572761285,-623381597
-470516330,-521795962
-367137860,-418953276
-262874923,-315101294
-157978697,-210490205
-52701886,-105372028
52701886,0
157978697,105372028
262874923,210490205
367137860,315101294
470516330,418953276
572761285,521795962
673626407,623381597
772868705,723465451
870249094,821806412
965532977,918167571
1058490807,1012316783
1148898639,1104027236
1236538674,1193077990
1321199779,1279254514
1402677998,1362349203
1480777043,1442161873
1555308767,1518500249
1626093615,1591180424
1692961061,1660027307
1755750016,1724875039
1814309215,1785567395
1868497584,1774849299
1918184578,1893911493
1963250436,1941302224
2003586778,1983983419
2039096240,2021950482
2052916124,1920795994
2095304368,2083126269
2115867624,2106220350
2131341762,2124174843
2142189235,2137142926
2146836865,2144896908
-646783,2147483647
2141665203,2144898956
2131333570,2137011854
2115867624,2115851771
2028195504,2106220350
2069693340,2083126253
2039096240,2055013722
2003619546,2021688338
1963250500,1984016187
1918184579,1941302224
1868497568,1893911493
1814309215,1841958163
1755815552,1785567395
1692961061,1691320607
1626093615,-487456337
1555308799,1591180680
1480777043,1518500249
1402677998,1441113297
1312811171,1362349203
1236538674,1279254514
1148898575,1193077990
1058494903,1104027236
965532977,1012316783
870249094,918167571
772868705,821806412
673626407,723465451
572761285,623381597
470516330,521795962
367137860,418953276
262874923,315101294
157978697,210490205
52701886,105372028
-52701886,0
-157978697,-105372028
-262874923,-210490205
-367137860,-315101294
-470516330,-418953276
-572761285,-521795962
-673626407,-623381597
-772868705,-723465451
-870249094,-821806412
-965532977,-918167571
-1058490807,-1012316783
-1148898639,-1104027236
-1236538674,-1193077990
-1321199779,-1279262706
-1402677998,-1362349203
-1480777043,-1475716305
-1555308767,628983399
-1626093583,-1591180680
-1692959013,-1660027307
-1755618944,-1725923615
-1814309215,-1852676259
-1331626671,-1841958163
-1918184579,-1893911493
-1963246404,-1941302224
-2003324634,-1984016187
-2039096240,-1887732754
-2069693340,-2055013722
-2095304240,-2083127277
-2115875816,-2106220350
-2130809282,-2124240379
-2141664947,-2137142926
646783,-2144896908
-2146836865,-2147483647
-2141681331,-2144896908
-2132382146,-2145531534
-2115867624,-2124240379
-2095304368,-2106220414
-2069693340,-2083126253
-2039096240,-2054751578
-2001489626,-2038727698
-2097468228,-1984016185
-1918184579,-1941302224
-1868498608,-1893911493
-1814309215,-1841433875
-1759944320,-1752012963
-1692961061,422608609
-1626093583,-1660027307
-1555308767,-1591180424
-1480645971,-1518500249
-1394289390,-1375053009
-1321199779,-1362349203
-1236538738,-1279254514
-1148902735,-1193077990
-1058490807,-1104027236
-965532977,-1012316783
-1943990918,-918167571
-772868705,-821806412
-673626471,-723465451
-572761285,-623381597
-470778474,-523893114
-367137860,-418953276
-262874921,-315101310
-157978825,-210491229
-52693694,-105372028
53226174,0
191533129,105372028
262874927,210490237
367137860,315101294
470516330,418953276
572761285,521795962
673626407,86510684
772868705,723465451
870248582,821806412
965532977,918429715
1060587959,1012316783
1283116367,30285412
1236538658,1193077990
1321199779,1279262706
1402612462,1362349203
1476582739,1475716305
1555308767,-628983399
1626093583,1591180680
1692959013,1660027307
1755618944,1725923615
1814309215,1852676259
1331626672,1841958163
1918184579,1893911493
1963246404,1941302224
2003324634,1984016187
2039096240,1887732754
2069693340,2055013722
2095304240,2083127277
2115875816,2106220350
2130809282,2124240379
2141664947,2137142926
-646783,2144896908
2146836865,2147483647
2141681331,2144896908
2132382146,2145531534
2115867624,2124240378
2095304368,2106220414
2069693340,2083126253
2039096240,2054751578
2001489626,2038727698
2097468228,1984016187
1918184579,1941302224
1868498608,1893911493
1814309215,1841433875
1759944320,1752012963
1692961061,-422608609
1626093583,1660027307
1555308767,1591180424
1480645971,1518500249
1394289390,1375053009
1321199778,1362349203
1236538738,1279254514
1148902735,1193077990
1058490807,1104027236
965532977,1012316783
870249094,918167571
772868705,821806412
673626407,723465451
572761285,623381597
470516330,521795962
367137860,418953276
262874923,315101294
157978697,210490205
52701886,105372028
-52701886,0
-157978697,-105372028
-262874923,-210490205
-367137860,-315101294
-470516330,-418953276
-572761285,-521795962
-673626407,-623381597
-772868705,-723465451
-870249094,-821806412
-965532977,-918167571
-1058490807,-1012316783
-1148898639,-1104027236
-1236538674,-1193077990
-1321199779,-1279254514
-1402677998,-1362349203
-1480777043,-1442161873
-1555308767,-1518500249
-1626093615,-1591180424
-1692961061,-1660027307
-1755750016,-1724875039
-1814309215,-1785567395
-1868497584,-1841958163
-1918184579,-1893911493
-1963250500,-1941302224
-2003586778,-1984016187
-2039096240,-2021950482
-2069693340,-2055013722
-2095304368,-2083126253
-2115867624,-2106220350
-2131333570,-2124240379
-2141664947,-2137142926
-2146836865,-2144896908
-2146836865,-2147483647
-2141664947,-2144896908
-2131333570,-2137142926
-2115868648,-2124248571
-2095304368,-2106220350
-2069693340,-2083126253
-2039096240,92469926
-2003586810,-2021950482
-1963250500,-1984032571
-1918315651,-1940253648
-1876886192,-1893911493
-1277438303,-1841958163
-1755750016,-1785567395
-1692965157,-1724842271
-1625831471,-1660027307
-1572085983,-1591180424
-407035217,-1518500249
-1402677998,-1442160849
-1321191587,-1362349203
-1237062962,-1283448818
-1148898639,-1193077990
-1058490807,-1104027204
-965532721,-1012314735
-870249094,-918036499
-771820129,-821806412
-673626407,-186594539
-572761293,-623381533
-470515818,-521795962
-367137860,-418953276
-260777771,-331878510
-23760969,-210490205
-52701886,-105372156
52702910,0
158044233,105896316
267069227,210490205
98702404,315101294
470516298,418953276
572763333,521795962
673495335,624430173
772868705,790574315
870249094,821806412
965533041,918167571
1058494903,1012284015
1149160783,1104027236
1236538674,1327295718
239069347,1212145634
1402677998,1362348179
1480785171,1442161873
1555833055,1518500249
1625831471,1593277576
-437745375,1660027275
1755750272,1724875039
1814325727,1785698467
1868497584,1841958163
1985817731,1893911492
1996804940,1672866704
-143897378,1984020283
2039096240,2021690386
2071790492,2055144794
2095304368,2083126255
2115867640,2106220350
2131333570,2124248571
2141598899,2137138830
2146836865,2144896908
2146836865,-1
2141664947,2144896908
2131333570,2137159182
2115999720,2124248571
2095304368,2038587198
2065499036,2083126253
2039096304,-92469410
2003590906,2021917714
1962988356,1984032571
1918315651,1940253648
1876886192,1893911493
1277438430,1841957139
1755758208,1785567395
1692440869,1720647967
1625831471,1660027307
-575397665,1591180424
407034963,1518498201
1402694382,1442291921
1321191587,1362349203
1237062962,1283448818
1148898639,1193077990
1058491319,1104027204
965516593,1012185711
870249094,909778963
772868705,821806412
673626415,723465451
572761285,623385693
470483562,521795962
365040708,435730492
262874923,315101292
157978713,210490333
52702910,105380220
-52701886,0
-157978697,-71817596
-531310379,-210490201
-367137860,-315101294
-470516330,-418969660
-572761285,-521795962
-673626407,-556272733
-235997793,-723465443
-870249094,-821806924
-965532977,-918167571
-1058490807,-1014413935
-1148898639,-1104027236
-162796852,-1193077990
-1321199651,-1279254514
-1402669806,-1362349203
-1480777043,-1979032785
-1555308767,-1518500249
-1642870831,-1591180424
-1692961061,-1660027323
-1755750144,-1724875039
-1814309215,-1785567395
-1868497584,-1837763859
-1884630147,-1625476037
184233144,-1941302224
-2003587034,-1984016187
-2039112624,-2021950482
-2069693340,-2063402330
-2028195504,-2083126253
-2115867632,-2106220414
-2131334082,-2124236283
-2141664947,-2137405070
-2146836865,-2144896908
-2146836865,-2147483645
-2141664931,-2144896780
-2131333570,-2137142926
-2115867624,-2124240379
-2095304368,-2139774782
-2069693340,64357399
-2039096208,-2055013466
-2003586778,-2021950482
-1963250500,-1984016187
-1926573187,-2008411088
-1331626671,-1893911501
-1814309151,-1841958675
-1755750016,-1785534627
-1692961061,-1724875039
-1642870831,-1660027307
-481566941,-1591180424
-1480777171,-1518500249
-1402669806,-1442161873
-1321199779,-1366543507
-1270093106,-1547689970
998585009,-1193077958
-1058490807,-1104027236
-965516593,-1012185711
-870249094,-909778963
-772868705,-821806411
-673626415,-723465451
-572761285,-623385693
-470483562,-521795962
-365040708,-435730492
-262874923,-315101296
-157978713,-210490333
-52702910,-105380220
52701886,0
157978697,71817596
531310379,210490201
367137860,315101294
470516330,418969660
572761285,521795962
673626407,556272733
235997792,723465443
870249094,821806924
965532977,918167571
1058490807,1014413935
1148898639,1104027236
162796848,1193077990
1321199651,1279254514
1402669806,1362349203
1480777043,1442161873
1555308767,1518500249
-521390033,1591180424
1692960805,1660027307
1755750016,1724875039
1814309215,1793956003
1868497584,1305087250
1918184579,1893911429
1963250500,1941306320
2003619546,1984016187
2039096240,2038727698
1935475612,2055013720
2095304352,2083126253
2115868648,2106228542
2131333570,2124240379
2145859251,2137142926
2146836865,-2586744
2146836865,2147483647
2141666995,2144896908
2131464642,2137142926
2115867624,2124240379
2095304368,2106220350
2069693340,2083126253
2039096240,2055013722
2003324634,2021950482
1946473284,2118225723
1918184579,1941302224
1868497584,1893911493
1814309215,1841958163
1755750016,1785567395
1692961061,1724875039
1626093615,1660027307
1555308767,1591180424
1480777043,1518500249
1402677998,1442161873
1321199779,1362349203
1236538674,1279254514
1148898639,1193077990
1058490807,1104027236
965532977,1012316783
870249094,918167571
772868705,821806412
673626407,723465451
572761285,623381597
470516330,521795962
367137860,418953276
262874923,315101294
157978697,210490205
52701886,105372028
-52701886,0
-157978697,-105372028
-262874923,-210490205
-367137860,-315101294
-470516330,-418953276
-572761285,-521795962
-673626407,-623381597
-772868705,-723465451
-870249094,-821806412
-965532977,-918167571
-1058490807,-1012316783
-1148898639,-1104027236
-1236538674,-1193077990
-1321199779,-1279254514
-1402677998,-1362349203
-1480777043,-1442161873
-1555308767,-1518500249
-1626093615,-1591180424
-1692961061,-1660027307
-1755750016,-1724875039
-1814309215,-1785567395
-1868497584,-1841958163
-1918184579,-1893911493
-1963250500,-1941302224
-2003586778,-1984016187
-2039096240,-2021950482
-2069693340,-2055013722
-2095304368,-2083126253
-2115867624,-2106220350
-2131333570,-2124240379
-2141664947,-2137142926
-2146836865,-2144896908
-2146836865,-2147483647
-2141664947,-2144896908
-2131333570,-2137142926
-2115867624,-2124240379
-2095304368,-2106220350
-2069693340,-2083126253
-2039096240,-2055013722
-2003586778,-2021950482
-1963250500,-1984016187
-1918184579,-1941302224
-1868497584,-1893911493
-1814309215,-1841958163
-1755750016,-1785567395
-1692961061,-1724875039
-1626093615,-1660027307
-1555308767,-1591180424
-1480777043,-1518500249
-1402677998,-1442161873
-1321199779,-1362349203
-1236538674,-1279254514
-1148898639,-1193077990
-1058490807,-1104027236
-965532977,-1012316783
-870249094,-918167571
-772868705,-821806412
-673626407,-723465451
-572761285,-623381597
-470516330,-521795962
-367137860,-418953276
-262874923,-315101294
-157978697,-210490205
-52701886,-105372028
52701886,0
157978697,105372028
262874923,210490205
367137860,315101294
470516330,418953276
572761285,521795962
673626407,623381597
772868705,723465451
870249094,821806412
965532977,918167571
1058490807,1012316783
1148898639,1104027236
1236538674,1193077990
1321199779,1279254514
1402677998,1362349203
1480777043,1442161873
1555308767,1518500249
1626093615,1591180424
1692961061,1660027307
1755750016,1724875039
1814309215,1785567395
1868497584,1841958163
1918184579,1893911493
1963250500,1941302224
2003586778,1984016187
2039096240,2021950482
2069693340,2055013722
2095304368,2083126253
2115867624,2106220350
2131333570,2124240379
2141664947,2137142926
2146836865,2144896908
2146836865,2147483647
2141664947,2144896908
2131333570,2137142926
2115867624,2124240379
2095304368,2106220350
2069693340,2083126253
2039096240,2055013722
2003586778,2021950482
1963250500,1984016187
1918184579,1941302224
1868497584,1893911493
1814309215,1841958163
1755750016,1785567395
1692961061,1724875039
1626093615,1660027307
1555308767,1591180424
1480777043,1518500249
1402677998,1442161873
1321199779,1362349203
1236538674,1279254514
1148898639,1193077990
1058490807,1104027236
965531953,1012316783
870314630,917643283
772868705,821806412
942061863,723465455
572761285,623381597
470516330,521795962
367006788,418953276
254486315,382210158
157978696,210490205
52701950,105372540
-52705982,0
-158240841,-105372028
-262874923,-210490205
-367137860,-315101310
-470516458,-418953276
-572753093,-521795962
-674150695,-627575901
-739314273,-991900907
-870249090,-821806412
-965532721,-918167571
-1058474423,-1012185711
-1148898639,-1104027236
-1236538674,-1193077989
-1321199779,-1279254514
-1402677486,-1362353299
-1480777043,-1441899729
-1555308767,-1535277465
-1626093615,-1591180424
-1692961061,-1660027307
-1755750016,-1724875039
-1814309215,-1785567395
-1868497584,-1841958163
-1918184579,-1893911493
-1963250500,-1941302224
-2003586778,-1984016187
-2039096240,-2021950482
-2069693340,-2055013722
-2095304368,-2083126253
-2115867624,-2106220350
-2131333570,-2124240379
-2141664947,-2137142926
-2146836865,-2144896908
-2146836865,-2147483647
-2141664947,-2144896908
-2131333570,-2137142926
-2115867624,-2124240379
-2095304368,-2106220350
-2069693340,-2083126253
-2039096240,-2055013722
-2003586778,-2021950482
-1963250500,-1984016187
-1918184579,-1941302224
-1868497584,-1893911493
-1814309215,-1841958163
-1755750016,-1785567395
-1692961061,-1724875039
-1626093615,-1660027307
-1555308767,-1591180424
-1480777043,-1518500249
-1402677998,-1442161873
-1321199779,-1362349203
-1236538674,-1279254514
-1148898639,-1193077990
-1058490807,-1104027236
-965532977,-1012316783
-870249094,-918167571
-772868705,-821806412
-673626407,-723465451
-572761285,-623381597
-470516330,-521795962
-367137860,-418953276
-262874923,-315101294
-157978697,-210490205
-52701886,-105372028
52701886,0
157978697,105372028
262874923,210490205
367137860,315101294
470516330,418953276
572761285,521795962
673626407,623381597
772868705,723465451
870249094,821806412
965532977,918167571
1058490807,1012316783
1148898639,1104027236
1236538674,1193077990
1321199779,1279254514
1402677998,1362349203
1480777043,1442161873
1555308767,1518500249
1626093615,1591180424
1692961061,1660027307
1755750016,1724875039
1814309215,1785567395
1868497584,1841958163
1918184579,1893911493
1963250500,1941302224
2003586778,1984016187
2039096240,2021950482
2069693340,2055013722
2095304368,2083126253
2115867624,2106220350
2131333570,2124240379
2141664947,2137142926
2146836865,2144896908
2146836865,2147483647
2141664947,2144896908
2131333570,2137142926
2115867624,2124240379
2095304368,2106220350
2069693340,2083126253
2039096240,2055013722
2003586778,2021950482
1963250500,1984016187
1918184579,1941302224
1868497584,1893911493
1814309215,1841958163
1755750016,1785567395
1692961061,1724875039
1626093615,1660027307
1555308767,1591180424
1480777043,1518500249
1402677998,1442161873
1321199779,1362349203
1236538674,1279254514
1148898639,1193077990
1058490807,1104027236
965532977,1012316783
870249094,918167571
772868705,821806412
673626407,723465451
572761285,623381597
470516330,521795962
367137860,418953276
262874923,315101294
157978697,210490205
52701886,105372028
-52701886,0
-157978697,-105372028
-262874923,-210490205
-367137860,-315101294
-470516330,-418953276
-572761285,-521795962
-673626407,-623381597
-772868705,-723465451
-870249094,-821806412
-965532977,-918167571
-1058490807,-1012316783
-1148898639,-1104027236
-1236538674,-1193077990
-1321199779,-1279254514
-1402677998,-1362349203
-1480777043,-1442161873
-1555308767,-1518500249
-1626093615,-1591180424
-1692961061,-1660027307
-1755750016,-1724875039
-1814309215,-1785567395
-1868497584,-1841958163
-1918184579,-1893911493
-1963250500,-1941302224
-2003586778,-1984016187
-2039096240,-2021950482
-2069693340,-2055013722
-2095304368,-2083126253
-2115867624,-2106220350
-2131333570,-2124240379
-2141664947,-2137142926
-2146836865,-2144896908
-2146836865,-2147483647
-2141664947,-2144896908
-2131333570,-2137142926
-2115867624,-2124240379
-2095304368,-2106220350
-2069693340,-2083126253
-2039096240,-2055013722
-2003586778,-2021950482
-1963250500,-1984016187
-1918184579,-1941302224
-1868497584,-1893911493
-1814309215,-1841958163
-1755750016,-1785567395
-1692961061,-1724875039
-1626093615,-1660027307
-1555308767,-1591180424
-1480777043,-1518500249
-1402677998,-1442161873
-1321199779,-1362349203
-1236538674,-1279254514
-1148898639,-1193077990
-1058490807,-1104027236
-965532977,-1012316783
-870249094,-918167571
-772868705,-821806412
-673626407,-723465451
-572761285,-623381597
-470516330,-521795962
-367137860,-418953276
-262874923,-315101294
-157978697,-210490205
-52701886,-105372028
52701886,0
157978697,105372028
262874923,210490205
367137860,315101294
470516330,418953276
572761285,521795962
673626407,623381597
772868705,723465451
870249094,821806412
965532977,918167571
1058490807,1012316783
1148898639,1104027236
1236538674,1193077990
1321199779,1279254514
1402677998,1362349203
1480777043,1442161873
1555308767,1518500249
1626093615,1591180424
1692961061,1660027307
1755750016,1724875039
1814309215,1785567395
1868497584,1841958163
1918184579,1893911493
1963250500,1941302224
2003586778,1984016187
2039096240,2021950482
2069693340,2055013722
2095304368,2083126253
2115867624,2106220350
2131333570,2124240379
2141664947,2137142926
2146836865,2144896908
2146836865,2147483647
2141664947,2144896908
2131333570,2137142926
2115867624,2124240379
2095304368,2106220350
2069693340,2083126253
2039096240,2055013722
2003586778,2021950482
1963250500,1984016187
1918184579,1941302224
1868497584,1893911493
1814309215,1841958163
1755750016,1785567395
1692961061,1724875039
1626093615,1660027307
1555308767,1591180424
1480777043,1518500249
1402677998,1442161873
1321199779,1362349203
1236538674,1279254514
1148898639,1193077990
1058490807,1104027236
965532977,1012316783
870249094,918167571
772868705,821806412
673626407,723465451
572761285,623381597
470516330,521795962
367137860,418953276
262874923,315101294
157978697,210490205
52701886,105372028
-52701886,0
-157978697,-105372028
-262874923,-210490205
-367137860,-315101294
-470516330,-418953276
-572761285,-521795962
-673626407,-623381597
-772868705,-723465451
-870249094,-821806412
-965532977,-918167571
-1058490807,-1012316783
-1148898639,-1104027236
-1236538674,-1193077990
-1321199779,-1279254514
-1402677998,-1362349203
-1480777043,-1442161873
-1555308767,-1518500249
-1626093615,-1591180424
-1692961061,-1660027307
-1755750016,-1724875039
-1814309215,-1785567395
-1868497584,-1841958163
-1918184579,-1893911493
-1963250500,-1941302224
-2003586778,-1984016187
-2039096240,-2021950482
-2069693340,-2055013722
-2095304368,-2083126253
-2115867624,-2106220350
-2131333570,-2124240379
-2141664947,-2137142926
-2146836865,-2144896908
-2146836865,-2147483647
-2141664947,-2144896908
-2131333570,-2137142926
-2115867624,-2124240379
-2095304368,-2106220350
-2069693340,-2083126253
-2039096240,-2055013722
-2003586778,-2021950482
-1963250500,-1984016187
-1918184579,-1941302224
-1868497584,-1893911493
-1814309215,-1841958163
-1755750016,-1785567395
-1692961061,-1724875039
-1626093615,-1660027307
-1555308767,-1591180424
-1480777043,-1518500249
-1402677998,-1442161873
-1321199779,-1362349203
-1236538674,-1279254514
-1148898639,-1193077990
-1058490807,-1104027236
-965532977,-1012316783
-870249094,-918167571
-772868705,-821806412
-673626407,-723465451
-572761285,-623381597
-470516330,-521795962
-367137860,-418953276
-262874923,-315101294
-157978697,-210490205
-52701886,-105372028
52701886,0
157978697,105372028
262874923,210490205
367137860,315101294
470516330,418953276
572761285,521795962
673626407,623381597
772868705,723465451
870249094,821806412
965532977,918167571
1058490807,1012316783
1148898639,1104027236
1236538674,1193077990
1321199779,1279254514
1402677998,1362349203
1480777043,1442161873
1555308767,1518500249
1626093615,1591180424
1692961061,1660027307
1755750016,1724875039
1814309215,1785567395
1868497584,1841958163
1918184579,1893911493
1963250500,1941302224
2003586778,1984016187
2039096240,2021950482
2069693340,2055013722
2095304368,2083126253
2115867624,2106220350
2131333570,2124240379
2141664947,2137142926
2146836865,2144896908
2146836865,2147483647
2141664947,2144896908
2131333570,2137142926
2115867624,2124240379
2095304368,2106220350
2069693340,2083126253
2039096240,2055013722
2003586778,2021950482
1963250500,1984016187
1918184579,1941302224
1868497584,1893911493
1814309215,1841958163
1755750016,1785567395
1692961061,1724875039
1626093615,1660027307
1555308767,1591180424
1480777043,1518500249
1402677998,1442161873
1321199779,1362349203
1236538674,1279254514
1148898639,1193077990
1058490807,1104027236
965532977,1012316783
870249094,918167571
772868705,821806412
673626407,723465451
572761285,623381597
470516330,521795962
367137860,418953276
262874923,315101294
157978697,210490205
52701886,105372028
-52701886,0
-157978697,-105372028
-262874923,-210490205
-367137860,-315101294
-470516330,-418953276
-572761285,-521795962
-673626407,-623381597
-772868705,-723465451
-870249094,-821806412
-965532977,-918167571
-1058490807,-1012316783
-1148898639,-1104027236
-1236538674,-1193077990
-1321199779,-1279254514
-1402677998,-1362349203
-1480777043,-1442161873
-1555308767,-1518500249
-1626093615,-1591180424
-1692961061,-1660027307
-1755750016,-1724875039
-1814309215,-1785567395
-1868497584,-1841958163
-1918184579,-1893911493
-1963250500,-1941302224
-2003586778,-1984016187
-2039096240,-2021950482
-2069693340,-2055013722
-2095304368,-2083126253
-2115867624,-2106220350
-2131333570,-2124240379
-2141664947,-2137142926
-2146836865,-2144896908
-2146836865,-2147483647
-2141664947,-2144896908
-2131333570,-2137142926
-2115867624,-2124240379
-2095304368,-2106220350
-2069693340,-2083126253
-2039096240,-2055013722
-2003586778,-2021950482
-1963250500,-1984016187
-1918184579,-1941302224
-1868497584,-1893911493
-1814309215,-1841958163
-1755750016,-1785567395
-1692961061,-1724875039
-1626093615,-1660027307
-1555308767,-1591180424
-1480777043,-1518500249
-1402677998,-1442161873
-1321199779,-1362349203
-1236538674,-1279254514
-1148898639,-1193077990
-1058490807,-1104027236
-965532977,-1012316783
-870249094,-918167571
-772868705,-821806412
-673626407,-723465451
-572761285,-623381597
-470516330,-521795962
-367137860,-418953276
-262874923,-315101294
-157978697,-210490205
-52701886,-105372028
52701886,0
157978697,105372028
262874923,210490205
367137860,315101294
470516330,418953276
572761285,521795962
673626407,623381597
772868705,723465451
870249094,821806412
965532977,918167571
1058490807,1012316783
1148898639,1104027236
1236538674,1193077990
1321199779,1279254514
1402677998,1362349203
1480777043,1442161873
1555308767,1518500249
1626093615,1591180424
1692961061,1660027307
1755750016,1724875039
1814309215,1785567395
1868497584,1841958163
1918184579,1893911493
1963250500,1941302224
2003586778,1984016187
2039096240,2021950482
2069693340,2055013722
2095304368,2083126253
2115867624,2106220350
2131333570,2124240379
2141664947,2137142926
2146836865,2144896908
2146836865,2147483647
2141664947,2144896908
2131333570,2137142926
2115867624,2124240379
2095304368,2106220350
2069693340,2083126253
2039096240,2055013722
2003586778,2021950482
1963250500,1984016187
1918184579,1941302224
1868497584,1893911493
1814309215,1841958163
1755750016,1785567395
1692961061,1724875039
1626093615,1660027307
1555308767,1586986120
1480777043,1518500249
1402677998,1442161873
1321199779,1362349203
1236538674,1279254514
1148898639,1193077990
1058490807,1104027236
965532977,1012316783
870249094,918167571
772868705,821806412
673626407,723465451
572761285,623381597
470516330,521795962
367137860,418953276
262874923,315101294
157978697,210490205
52701886,105372028
-52701886,0
-157978697,-105372028
-262874923,-210490205
-367137860,-315101294
-470516330,-418953276
-572761285,-521795962
-673626407,-623381597
-772868705,-723465451
-870249094,-821806412
-965532977,-918167571
-1058490807,-1012316783
-1148898639,-1104027236
-1236538674,-1193077990
-1321199779,-1279254514
-1402677998,-1362349203
-1480777043,-1442161873
-1555308767,-1518500249
-1626093615,-1591180424
-1692961061,-1660027307
-1755750016,-1724875039
-1814309215,-1785567395
-1868497584,-1841958163
-1918184579,-1893911493
-1963250500,-1941302224
-2003586778,-1984016187
-2039096240,-2021950482
-2069693340,-2055013722
-2095304368,-2083126253
-2115867624,-2106220350
-2131333570,-2124240379
-2141664947,-2137142926
-2146836865,-2144896908
-2146836865,-2147483647
-2141664947,-2144896908
-2131333570,-2137142926
-2115867624,-2124240379
-2095304368,-2106220350
-2069693340,-2083126253
-2039096240,-2055013722
-2003586778,-2021950482
-1963250500,-1984016187
-1918184579,-1941302224
-1868497584,-1893911493
-1814309215,-1841958163
-1755750016,-1785567395
-1692961061,-1724875039
-1626093615,-1660027307
-1555308767,-1591180424
-1480777043,-1518500249
-1402677998,-1442161873
-1321199779,-1362349203
-1236538674,-1279254514
-1148898639,-1193077990
-1058490807,-1104027236
-965532977,-1012316783
-870249094,-918167571
-772868705,-821806412
-673626407,-723465451
-572761285,-623381597
-470516330,-521795962
-367137860,-418953276
-262874923,-315101294
-157978697,-210490205
-52701886,-105372028
52701886,0
157978697,105372028
262874923,210490205
367137860,315101294
470516330,418953276
572761285,521795962
673626407,623381597
772868705,723465451
870249094,821806412
965532977,918167571
1058490807,1012316783
1148898639,1104027236
1236538674,1193077990
1321199779,1279254514
1402677998,1362349203
1480777043,1442161873
1555308767,1518500249
1626093615,1591180424
1692961061,1660027307
1755750016,1724875039
1814309215,1785567395
1868497584,1841958163
1918184579,1893911493
1963250500,1941302224
2003586778,1984016187
2039096240,2021950482
2069693340,2055013722
2095304368,2083126253
2115867624,2106220350
2131333570,2124240379
2141664947,2137142926
2146836865,2144896908
2146836864,2147483647
2141664947,2144896908
2131329474,2137142926
2115605480,2124240379
2095304368,2106220350
2069693340,2083126269
2039096112,2055012698
2003586778,2022016018
1963774788,1979821883
1884630147,1672866768
-278986064,1893911493
1814308959,1841958163
1755750016,1785698467
1694009637,1724875039
1626093615,1123156394
1555308767,1591180424
1480777555,1518500249
1402677998,1441899729
1321199779,1345571987
1102320946,205512688
1148898655,1193077990
1058490807,1104035428
2039274803,1012316799
870248966,918167571
772868705,821806412
674150695,723465451
539206853,623381597
470516334,521795962
367137860,418953276
262874923,315101294
157978697,210490205
52701886,105372028
-52701886,0
-157978697,-105372028
-262874923,-210490205
-367137860,-315101294
-470516330,-418953276
-572761285,-521795962
-673626407,-623381597
-772868705,-723465451
-870249094,-821806412
-965532977,-918167571
-1058490807,-1012316783
-1148898639,-1104027236
-1236538674,-1193077990
-1321199779,-1279254514
-1402677998,-1362349203
-1480777043,-1442161873
-1555308767,-1518500249
-1626093615,-1591180424
-1692961061,-1660027307
-1755750016,-1724875039
-1814309215,-1785567395
-1868497584,-1841958163
-1918184579,-1893911493
-1963250500,-1941302224
-2003586778,-1984016187
-2039096240,-2021950482
-2069693340,-2055013722
-2095304368,-2083126253
-2115867624,-2106220350
-2131333570,-2124240379
-2141664947,-2137142926
-2146836865,-2144896908
-2146836865,-2147483647
-2141664947,-2144896908
-2131333570,-2137142926
-2115867624,-2124240379
-2095304368,-2106220350
-2069693340,-2083126253
-2039096240,-2055013722
-2003586778,-2021950482
-1963250500,-1984016187
-1918184579,-1941302224
-1868497584,-1893911493
-1814309215,-1841958163
-1755750016,-1785567395
-1692961061,-1724875039
-1626093615,-1660027307
-1555308767,-1591180424
-1480777043,-1518500249
-1402677998,-1442161873
-1321199779,-1362349203
-1236538674,-1279254514
-1148898639,-1193077990
-1058490807,-1104027236
-965532977,-1012316783
-870249094,-918167571
-772868705,-821806412
-673626407,-723465451
-572761285,-623381597
-470516330,-521795962
-367137860,-418953276
-262874923,-315101294
-157978697,-210490205
-52701886,-105372028
52701886,0
157978697,105372028
262874923,210490205
367137860,315101294
470516330,418953276
572761285,521795962
673626407,623381597
772868705,723465451
870249094,821806412
965532977,918167571
1058490807,1012316783
1148898639,1104027236
1236538674,1193077990
1321199779,1279254514
1402677998,1362349203
1480777043,1442161873
1555308767,1518500249
1626093615,1591180424
1692961061,1660027307
1755750016,1724875039
1814309215,1785567395
1868497584,1841958163
1918184579,1893911493
1963250500,1941302224
2003586778,1984016187
2039096240,2021950482
2069693340,2055013722
2095304368,2083126253
2115867624,2106220350
2131333570,2124240379
2141664947,2137142926
2146836865,2144896908
2146836865,2147483647
2141664947,2144896908
2131333570,2137142926
2115867624,2124240379
2095304368,2106220350
2069693340,2083126253
2039096240,2055013722
2003586778,2021950482
1963250500,1984016187
1918184579,1941302224
1868497584,1893911493
1814309215,1841958163
1755750016,1785567395
1692961061,1724875039
1626093615,1660027307
1555308767,1591180424
1480777043,1518500249
1402677998,1442161873
1321199779,1362349203
1236538674,1279254514
1148898639,1193077990
1058490807,1104027236
965532977,1012316783
870249094,918167571
772868705,821806412
673626407,723465451
572761285,623381597
470516330,521795962
367137860,418953276
262874923,315101294
157978697,210490205
52701886,105372028
-52701886,0
-157978697,-105372028
-262874923,-210490205
-367137860,-315101294
-470516330,-418953276
-572761285,-521795962
-673626407,-623381597
-772868705,-723465451
-870249094,-821806412
-965532977,-918167571
-1058490807,-1012316783
-1148898639,-1104027236
-1236538674,-1193077990
-1321199779,-1279254514
-1402677998,-1362349203
-1480777043,-1442161873
-1555308767,-1518500249
-1626093615,-1591180424
-1692961061,-1660027307
-1755750016,-1724875039
-1814309215,-1785567395
-1868497584,-1841958163
-1918184579,-1893911493
-1963250500,-1941302224
-2003586778,-1984016187
-2039096240,-2021950482
-2069693340,-2055013722
-2095304368,-2083126253
-2115867624,-2106220350
-2131333570,-2124240379
-2141664947,-2137142926
-2146836865,-2144896908
-2146836865,-2147483647
-2141664947,-2144896908
-2131333570,-2137142926
-2115867624,-2124240379
-2095304368,-2106220350
-2069693340,-2083126253
-2039096240,-2055013722
-2003586778,-2021950482
-1963250500,-1984016187
-1918184579,-1941302224
-1868497584,-1893911493
-1814309215,-1841958163
-1755750016,-1785567395
-1692961061,-1724875039
-1626093615,-1660027307
-1555308767,-1591180424
-1480777043,-1518500249
-1402677998,-1442161873
-1321199779,-1362349203
-1236538674,-1279254514
-1148898639,-1193077990
-1058490807,-1104027236
-965532977,-1012316783
-870249094,-918167571
-772868705,-821806412
-673626407,-723465451
-572761285,-623381597
-470516330,-521795962
-367137860,-418953276
-262874923,-315101294
-157978697,-210490205
-52701886,-105372028
52701886,0
157978697,105372028
262874923,210490205
367137860,315101294
470516330,418953276
572761285,521795962
673626407,623381597
772868705,723465451
870249094,821806412
965532977,918167571
1058490807,1012316783
1148898639,1104027236
1236538674,1193077990
1321199779,1279254514
1402677998,1362349203
1480777043,1442161873
1555308767,1518500249
1626093615,1591180424
1692961061,1660027307
1755750016,1724875039
1814309215,1785567395
1868497584,1841958163
1918184579,1893911493
1963250500,1941302224
2003586778,1984016187
2039096240,2021950482
2069693340,2055013722
2095304368,2083126253
2115867624,2106220350
2131333570,2124240379
2141664947,2137142926
2146836865,2144896908
2146836865,2147483647
2141599411,2144372620
2131333570,2137142926
2115867624,2124240379
2095304368,2106220094
2069693340,2083126253
2038965168,2055013722
2011975386,2021950482
1963250500,1984016179
1918184579,1941302224
1868497584,1893911493
1814047071,1841958163
1772527232,1651349667
1692961063,1724875039
1626093615,1660027307
1555300575,1591114888
1480777043,1518500249
1402677998,1173726417
-826283865,1362349235
1236538418,1279254514
1148882255,1193077990
1057442231,1104027236
965532977,1012316783
870249094,918167571
772868705,821806412
673626407,723465451
572761285,623381597
470516330,521795962
367137860,418953276
262874923,315101294
157978697,210490205
52701886,105372028
-52701886,0
-157978697,-105372028
-262874923,-210490205
-367137860,-315101294
-470516330,-418953276
-572761285,-521795962
-673626407,-623381597
-772868705,-723465451
-870249094,-821806412
-965532977,-918167571
-1058490807,-1012316783
-1148898639,-1104027236
-1236538674,-1193077990
-1321199779,-1279254514
-1402677998,-1362349203
-1480777043,-1442161873
-1555308767,-1518500249
-1626093615,-1591180424
-1692961061,-1660027307
-1755750016,-1724875039
-1814309215,-1785567395
-1868497584,-1841958163
-1918184579,-1893911493
-1963250500,-1941302224
-2003586778,-1984016187
-2039096240,-2021950482
-2069693340,-2055013722
-2095304368,-2083126253
-2115867624,-2106220350
-2131333570,-2124240379
-2141664947,-2137142926
-2146836865,-2144896908
-2146836865,-2147483647
-2141664947,-2144896908
-2131333570,-2137142926
-2115867624,-2124240379
-2095304368,-2106220350
-2069693340,-2083126253
-2039096240,-2055013722
-2003586778,-2021950482
-1963250500,-1984016187
-1918184579,-1941302224
-1868497584,-1893911493
-1814309215,-1841958163
-1755750016,-1785567395
-1692961061,-1724875039
-1626093615,-1660027307
-1555308767,-1591180424
-1480777043,-1518500249
-1402677998,-1442161873
-1321199779,-1362349203
-1236538674,-1279254514
-1148898639,-1193077990
-1058490807,-1104027236
-965532977,-1012316783
-870249094,-918167571
-772868705,-821806412
-673626407,-723465451
-572761285,-623381597
-470516330,-521795962
-367137860,-418953276
-262874923,-315101294
-157978697,-210490205
-52701886,-105372028
52701886,0
157978697,105372028
262874923,210490205
367137860,315101294
470516330,418953276
572761285,521795962
673626407,623381597
772868705,723465451
870249094,821806412
965532977,918167571
1058490807,1012316783
1148898639,1104027236
1236538674,1193077990
1321199779,1279254514
1402677998,1362349203
1480777043,1442161873
1555308767,1518500249
1626093615,1591180424
1692961061,1660027307
1755750016,1724875039
1814309215,1785567395
1868497584,1841958163
1918184579,1893911493
1963250500,1941302224
2003586778,1984016187
2039096240,2021950482
2069693340,2055013722
2095304368,2083126253
2115867624,2106220350
2130809282,2124240379
2141664947,2137142926
2146705793,2144896908
2146836865,2147483647
2141664946,2144896908
2131333506,2137142414
2115863528,2124273147
2095566512,2106220350
2052916124,2083126253
2039096240,2055013722
2003586778,2021949458
1963258692,1984016187
1918708867,1945496528
1868497584,1625476037
-333174433,1841958195
1755750272,1785565347
1692961061,1724875039
1627142191,1660027307
1488199903,2128051336
1480777043,1518500249
1402677486,1442161873
1321199779,1362611347
1236538674,1279254514
1283116367,119336164
1058490791,1104027364
965532977,1012316783
1943990916,918167555
772868833,821805388
673626407,723399915
572761285,627575901
470516330,521795962
367137856,418953276
262874667,315101294
157978697,210490205
52701886,113760636
-119810750,1
-157978689,-105372028
-262874923,-210486109
-367137860,-315101294
-470516330,-435730492
-572761285,-521795964
-673626407,-623381725
-772868705,-723465451
-870249094,-821806412
-965532977,-918167571
-1058490807,-1012316783
-1148898639,-1104027236
-1236538674,-1193077990
-1321199779,-1279254514
-1402677998,-1362349203
-1480777043,-1442161873
-1555308767,-1518500249
-1626093615,-1591180424
-1692961061,-1660027307
-1755750016,-1724875039
-1814309215,-1785567395
-1868497584,-1841958163
-1918184579,-1893911493
-1963250500,-1941302224
-2003586778,-1984016187
-2039096240,-2021950482
-2069693340,-2055013722
-2095304368,-2083126253
-2115867624,-2106220350
-2131333570,-2124240379
-2141664947,-2137142926
-2146836865,-2144896908
-2146836865,-2147483647
-2141664947,-2144896908
-2131333570,-2137142926
-2115867624,-2124240379
-2095304368,-2106220350
-2069693340,-2083126253
-2039096240,-2055013722
-2003586778,-2021950482
-1963250500,-1984016187
-1918184579,-1941302224
-1868497584,-1893911493
-1814309215,-1841958163
-1755750016,-1785567395
-1692961061,-1724875039
-1626093615,-1660027307
-1555308767,-1591180424
-1480777043,-1518500249
-1402677998,-1442161873
-1321199779,-1362349203
-1236538674,-1279254514
-1148898639,-1193077990
-1058490807,-1104027236
-965532977,-1012316783
-870249094,-918167571
-772868705,-821806412
-673626407,-723465451
-572761285,-623381597
-470516330,-521795962
-367137860,-418953276
-262874923,-315101294
-157978697,-210490205
-52701886,-105372028
52701886,0
157978697,105372028
262874923,210490205
367137860,315101294
470516330,418953276
572761285,521795962
673626407,623381597
772868705,723465451
870249094,821806412
965532977,918167571
1058490807,1012316783
1148898639,1104027236
1236538674,1193077990
1321199779,1279254514
1402677998,1362349203
1480777043,1442161873
1555308767,1518500249
1626093615,1591180424
1692961061,1660027307
1755750016,1724875039
1814309215,1785567395
1868497584,1841958163
1918184579,1893911493
1963250500,1941302224
2003586778,1984016187
2039096240,2021950482
2069693340,2055013722
2095304368,2083126253
2115867624,2106220350
2131333570,2124240379
2141664947,2137142926
2146836865,2144896908
2146836865,2147483647
2141664947,2144896908
2131333570,2137142926
2115867624,2124240379
2095304368,2106220350
2069693340,2083126253
2039096240,2055013722
2003586778,2021950482
1963250500,1984016187
1918184579,1941302224
1868497584,1893911493
1814309215,1841958163
1755750016,1785567395
1692961061,1724875039
1626093615,1660027307
1555308767,1591180424
1480777043,1518500249
1402677998,1442161873
1321199779,1362349203
1236538674,1279254514
1148898639,1193077990
1058490807,1104027
