1,-32716288
1,-2
1,-34091520
1,-32716288
1,-2
1,-34091520
1,-32716288
1,-29716480
1,-31390208
1,-30310400
1,-29499392
1,-27396608
1,-28374016
1,-33606656
1,-35726848
1,-39701504
1,-41602560
1,-46543872
1,-53070336
1,-59736576
1,-64249856
1,-71812608
1,-79835136
1,-82414592
1,-88859136
1,-92414464
1,-100009472
1,-105595392
1,-106838528
1,-106933760
1,-108955648
1,-111609856
1,-115162624
1,-112774144
1,-109631488
1,-107226624
1,-104456704
1,-101168640
1,-95462400
1,-90832896
1,-84230656
1,-77473280
1,-71075840
1,-68385792
1,-62163456
1,-59637248
1,-51338240
1,-48108544
1,-40616960
1,-38145536
1,-34670080
1,-31553536
1,-30692864
1,-27558912
1,-24223744
1,-24524800
1,-24803328
1,-29669376
1,-33847808
1,-37735424
1,-42529280
1,-49525248
1,-53333504
1,-61465600
1,-68156416
1,-76257792
1,-81432576
1,-86603264
1,-89985024
1,-96422400
1,-102987776
1,-106487296
1,-110237696
1,-109499392
1,-111196160
1,-109898240
0,29058560
0,33968640
0,38009856
0,41842688
0,47789568
0,53071360
0,59789312
0,64601600
0,68918272
0,72646144
0,79432192
0,84515840
0,86531584
0,88345600
0,90947072
0,91478016
0,94667776
0,99973632
0,102332416
0,104680960
0,106955264
0,108174336
0,110466560
0,109080064
0,109220352
0,105488384
0,101727744
0,95717888
0,90212864
0,86119936
0,84896256
0,83826176
0,82355200
0,81068544
0,79554560
0,75496448
0,73841664
0,68579840
0,63205376
0,59518464
0,55120384
0,52709888
0,48877568
0,48798720
0,49281024
0,49794048
0,51964416
0,54767616
0,59243520
0,61396480
0,63715840
0,65530368
0,65541632
0,67292672
0,70218752
0,71826944
0,70818304
0,68492800
0,68858880
0,68091904
0,66636288
0,67067392
0,66775040
0,67625472
0,67185152
0,66939904
0,67424256
0,67332096
0,67026944
0,63628288
0,58761216
0,53222400
0,49773056
0,46732288
0,45154304
0,41333760
0,39439872
0,36898304
0,35954688
0,32225792
0,31812608
0,28803072
0,27948544
0,27735552
0,24878080
0,22549504
0,19745280
0,19009024
0,18237440
0,16745984
0,16580096
0,12446720
0,8769536
0,7262208
0,5822976
0,6884352
0,7399424
0,9242112
0,10384384
0,14498304
0,18141696
0,22760960
0,25393152
0,28006912
0,28656128
0,29523968
0,27615744
0,27696128
0,30602752
0,34513920
0,38317568
0,42314240
0,48074752
0,52514816
0,59899392
0,64548352
0,66402304
0,66525696
0,66748416
0,67677184
0,69876736
0,72066560
0,72695808
0,75178496
0,78225920
0,81984000
0,87695360
0,89198592
0,41625600
0,42711552
0,36255232
0,34695168
0,32323584
0,39046144
0,36333056
0,34593280
0,34567680
0,37505536
0,36249088
0,36313088
0,38915072
0,40212992
0,47936512
0,49308672
0,51616256
0,55457792
0,64096256
0,64786944
0,62083584
0,64529408
0,69243392
0,74531328
0,75939840
0,74504192
0,77500416
0,83805696
0,89874432
0,92654080
0,97531904
0,102648320
0,104188416
0,104791040
0,106171904
0,109722624
0,107684864
0,104805376
0,103972352
0,104638976
0,103928320
0,101334528
0,98075648
0,94904320
0,96178688
0,94318080
0,94598144
0,90543616
0,88661504
0,89577984
0,86269952
0,81775616
0,75480576
0,75280896
0,71179264
0,68441600
0,62693376
0,57344512
0,54983680
0,52229120
0,49236480
0,46418432
0,41294336
0,36564992
0,35675136
0,33757184
0,29074944
0,30498304
0,28097536
0,28707328
0,32683008
0,33432064
0,32975872
0,32420352
0,32983552
0,33764864
0,34452480
0,37047296
0,37131264
0,38522880
0,39566336
0,44962816
0,53496832
0,58797568
0,62401024
0,62717440
0,68079104
0,74009088
0,77224960
0,79074304
0,77820928
0,79127552
0,81483776
0,80142336
0,80102400
0,79707136
0,81156096
0,78998016
0,72477696
0,70102016
0,65340928
0,64587776
0,58422784
0,52571648
0,47070720
0,45704192
0,47002624
0,43179008
0,40879616
0,39728128
0,37917696
0,34836480
0,34041856
0,34021376
0,34766336
0,33556992
0,32387072
0,34213376
0,42125312
0,43755520
0,42714112
0,40713216
0,39700480
0,42426368
0,40075264
0,32617472
0,30368768
0,28502016
1,-52321792
1,-51079680
1,-51837440
1,-52193280
1,-51108352
1,-50307584
1,-48248320
1,-48065024
1,-45844992
1,-45633024
1,-42501632
1,-42497024
1,-41213952
1,-40440320
1,-38872064
1,-38510592
1,-37686272
1,-37920256
1,-36411904
1,-35805696
1,-35642880
1,-35292160
1,-35506176
1,-35624448
1,-32998400
1,-32711168
1,-32922112
1,-33797120
1,-34149888
1,-34946048
1,-34865152
1,-36024832
1,-38652928
1,-39060480
1,-42188800
1,-45000704
1,-46752256
1,-48328192
1,-52181504
1,-53939712
1,-55518720
1,-56903168
1,-59427328
1,-61342720
1,-63489536
1,-65049088
1,-64104960
1,-65588224
1,-66727424
1,-68496896
1,-105328640
1,-103414272
1,-101872640
1,-100463616
1,-98684416
1,-96236544
1,-94150656
1,-94282752
1,-94156800
1,-93166592
1,-92864512
1,-94017024
1,-93911040
1,-95496192
1,-95801344
1,-94706688
1,-93729792
1,-95001088
1,-21884416
1,-23085568
1,-23539712
1,-23836672
1,-26360832
1,-28345344
1,-30442496
1,-32759296
1,-35728384
1,-36664320
1,-38441472
1,-39466496
1,-41854464
1,-42326528
1,-41376256
1,-41664000
1,-42476032
1,-42458112
1,-44240384
1,-43081216
1,-42526208
1,-39808512
1,-39514624
1,-38713344
1,-38732800
1,-37782016
1,-36306432
1,-34938368
1,-35188224
1,-34275840
1,-33949184
1,-33709056
1,-31033856
1,-29434368
1,-28299264
1,-26083328
1,-25010176
1,-21924352
1,-20300288
1,-18673152
1,-17593344
1,-17611776
1,-18202624
1,-19312640
1,-19373056
1,-19881472
1,-20112896
1,-19837952
1,-20532224
1,-19673600
1,-19142144
1,-19098112
1,-19187712
1,-20740096
1,-20740608
1,-21583872
1,-20262912
1,-20908544
1,-21851136
1,-21780480
1,-21658112
1,-19975168
1,-19225600
1,-18846720
1,-18591232
1,-19465216
1,-19764736
1,-20134912
1,-20803072
1,-20271616
1,-20331008
1,-19726848
1,-19421184
1,-19918848
1,-18899456
1,-17851392
1,-17690624
1,-18005504
1,-17591808
1,-17647616
1,-18151424
1,-19444736
1,-18783232
1,-16597504
1,-15951872
1,-15095296
1,-13934080
1,-12587008
1,-9068032
1,-8745984
1,-6817280
1,-6238720
1,-3327488
1,-1942016
1,-1539584
1,-535040
1,-163328
0,838656
0,2888704
0,2009600
0,122368
1,-250880
1,-2299392
1,-1988608
1,-2601472
1,-3850752
1,-4530688
1,-3690496
1,-2216448
1,-963584
1,-1180672
1,-2234880
1,-2674688
1,-3689472
1,-3950592
1,-6232576
1,-7255040
1,-6690816
1,-7687168
1,-6014464
1,-4476928
1,-3928064
1,-4579328
1,-5913088
1,-7556096
1,-8256000
1,-9138176
1,-12301824
1,-48416768
1,-44100608
1,-38450688
1,-31725568
1,-25804288
1,-20231680
1,-11614720
1,-9964032
1,-6671360
1,-1751040
0,606720
0,3823104
0,5282816
0,6377472
0,8022016
0,8817664
0,13465088
0,16093696
0,12359680
0,15081984
0,18920960
0,16100864
0,13562368
0,10154496
0,5815808
0,3886080
1,-6742016
1,-7732224
1,-9374720
1,-12205056
1,-15271424
1,-17689088
1,-21896192
1,-21761024
1,-23170560
1,-26932736
1,-31477248
1,-32784384
1,-32440832
1,-30330880
1,-33464832
1,-31723520
1,-33525248
1,-32955392
1,-28481536
1,-24480256
1,-24619520
1,-25163776
1,-30247424
1,-23741952
1,-16544768
1,-18987520
1,-19808256
1,-21663232
1,-21959168
1,-20587520
1,-21207040
1,-24519168
1,-30583296
1,-31481344
1,-35091968
1,-36349952
1,-37804032
1,-37732864
1,-43640320
1,-49597952
1,-50628608
1,-47672320
1,-45037056
1,-51189760
1,-51268608
1,-53259264
1,-49274880
1,-44380160
1,-44200960
1,-44324864
1,-46967808
1,-42558976
1,-36375040
1,-30544384
1,-29026816
1,-26441216
1,-20559872
1,-15427072
1,-5104128
1,-5003776
1,-3707904
1,-5335552
1,-3762688
1,-3129856
0,989184
1,-4862464
1,-3981824
1,-10255360
1,-12234752
1,-11519488
1,-13384704
1,-15157760
1,-22456832
1,-25026048
1,-22429696
1,-21973504
1,-25114112
1,-33184768
1,-36370432
1,-35505152
1,-33092096
1,-32292352
1,-36428800
1,-37496320
1,-41348608
1,-36200960
1,-31141376
1,-27095552
1,-27704320
1,-27313664
1,-27453952
1,-21519360
1,-16686080
1,-16982016
1,-21980672
1,-23320576
1,-19516416
1,-18918912
1,-18691072
1,-21700096
1,-24841216
1,-23638016
0,71002112
0,69539840
0,67518976
0,68462592
0,70896640
0,70672384
0,70273536
0,70517248
0,71792128
0,73424384
0,75945472
0,77898240
0,78886400
0,77682688
0,77132288
0,77682688
0,77958656
0,77505536
0,75248128
0,73171456
0,73215488
0,73857536
0,72513536
0,69584384
0,67999232
0,66645504
0,64509440
0,63871488
0,63009792
0,60950016
0,61199360
0,60587008
0,63137792
0,65725440
0,65562112
0,63333888
0,62534144
0,63358976
0,62091264
0,62824960
0,61390336
0,63045120
0,64437248
0,68271616
0,70768640
0,73160704
0,74721280
0,76448256
0,77351424
0,78132224
0,78188032
0,76696576
0,76939264
0,74154496
0,71157248
0,67664896
0,65826304
0,65886720
0,62580224
0,58253824
0,55494656
0,53238784
0,49914368
0,46968320
0,43794432
0,41346560
0,41808384
0,40944128
0,39788544
0,39660544
0,39454208
0,40637440
0,39693824
0,41373184
0,42030080
0,41505792
0,39478272
0,38310912
0,37165056
0,35261952
0,34561536
0,29783040
0,25380864
0,21989888
0,21847040
0,19984896
0,15834624
0,14079488
0,10485760
0,7711232
0,7308288
0,5558272
0,3815424
0,3474944
0,3078656
0,2443776
0,1104384
0,1703936
0,4300800
0,3324416
0,2965504
0,2137600
0,1613312
0,980480
0,724480
0,171008
0,2361344
0,5155840
0,7558144
0,9830912
0,11975168
0,14845952
0,18884096
0,20819968
0,21767680
0,23154176
0,24421888
0,25203712
0,24404992
0,25997824
0,28656640
0,30004224
0,30139392
0,29933568
0,32373248
0,33877504
0,35534336
0,36239872
1,-16229376
1,-16916480
1,-19440128
1,-21993984
1,-24076288
1,-26063360
1,-29057024
1,-27267584
1,-26040832
1,-24302592
1,-24772096
1,-25216000
1,-24185344
1,-20602880
1,-17706496
1,-14451200
1,-10489344
1,-6680064
0,424960
0,4058624
0,5260288
0,7328256
0,9793536
0,12609536
0,15535616
0,17728000
0,18305024
0,18309632
0,20715008
0,19299840
0,22394880
0,22490112
0,24202752
0,27635200
0,29035520
0,31399424
0,37073408
0,42314752
0,43812352
0,44781056
0,46781440
0,47806464
0,48386560
0,48230400
0,45337600
0,42958848
0,40798208
0,39698944
0,40017408
0,37985792
0,35029504
0,34053632
0,30401024
0,29402112
0,30753792
0,29174272
0,28141056
0,24962048
0,23838720
0,22786048
0,22405120
0,22164992
0,22462976
0,23793152
0,23761408
0,21535744
0,20295168
0,18521088
0,17098240
0,14188032
0,9735168
0,5027328
0,2508800
1,-2044416
1,-7037440
1,-8157184
1,-10514432
1,-8757248
1,-8614912
1,-6033408
1,-6697472
1,-7895552
1,-8841216
1,-8414208
1,-9884160
1,-12342784
1,-15062528
1,-20527616
1,-21335040
1,-24046080
1,-23958016
1,-25253376
1,-25010688
1,-24909312
1,-24194560
1,-23598080
1,-20240896
1,-18622976
1,-17303552
1,-17541120
1,-18022912
1,-15210496
1,-13676544
1,-11352576
1,-11914752
1,-14376960
1,-15456256
1,-15029248
1,-14746112
1,-12485120
1,-12046848
1,-12159488
1,-11343360
1,-9698304
1,-7707648
1,-8079872
1,-7489024
1,-4413952
1,-1490432
0,498688
0,2960896
0,5991424
0,9349632
0,14275072
0,15964160
0,15175680
0,13395968
0,11107328
1,-9405440
1,-10522112
1,-10084352
1,-7933440
1,-6239744
1,-7551488
1,-9709568
1,-13192704
1,-15518208
1,-15735296
1,-15662592
1,-16209408
1,-19354112
1,-22218240
1,-27504640
1,-30117376
1,-30362112
1,-28981760
1,-29819904
1,-32975872
1,-34056192
1,-31622656
1,-25001984
1,-20838912
1,-20454400
1,-21949952
1,-21084672
1,-19835904
1,-17620480
1,-17761280
1,-19408384
1,-20337152
1,-19620352
1,-17586688
1,-17445888
1,-16717824
1,-15629312
1,-14577664
1,-9969152
1,-6599680
1,-4134912
1,-1778176
1,-1320960
0,1202688
0,4491776
0,7825408
0,9288192
0,5985792
0,6218752
0,5048832
0,3383296
0,1123328
1,-4580864
1,-5244416
1,-4843008
1,-2754560
1,-616448
1,-2897920
1,-5379072
1,-6477312
1,-4894720
1,-3187200
1,-5694976
1,-6424576
1,-5548032
1,-4255232
0,830976
0,3754496
0,4540416
0,4341248
0,6084608
0,10166272
0,13534208
0,15818752
0,14839808
0,12798976
0,12718592
0,14413312
0,15552000
0,14597120
0,13106688
0,9151488
0,7872000
0,9467904
0,11240448
0,10731520
0,9911808
0,9434112
0,8560128
0,4546560
1,-1276928
1,-7324160
1,-10424320
1,-10797056
1,-9816064
1,-9264640
1,-12138496
1,-11653120
1,-5442048
1,-683008
0,4200448
0,3280896
0,1018368
0,2123264
0,7323136
0,13944832
0,16160256
0,15412224
0,15749632
0,18596352
0,23409152
0,24362496
0,23557120
0,22424576
0,20776448
0,22316032
0,24228864
0,26685440
0,26443264
0,24988160
0,21523456
0,18429440
0,15626752
0,14431232
0,9600000
0,4903424
0,1121792
1,-1040384
0,31681024
0,31254528
0,31346176
0,31812096
0,30539264
0,32049152
0,31927296
0,29498368
0,28491264
0,27758592
0,26493440
0,24776704
0,24489472
0,23984128
0,21536768
0,21661184
0,22977536
0,22748672
0,19962368
0,19048448
0,23008768
0,25708544
0,29231616
0,27084288
0,26534912
0,29512192
0,32093696
0,33716736
0,31108096
0,31246848
0,31554560
0,30022144
0,29059584
0,30022656
0,31314432
0,33233920
0,32875520
0,33476096
0,33697280
0,35750400
0,36410368
0,36400640
0,36893696
0,37931008
0,37177344
0,32907776
0,30705664
0,30052352
0,29698560
0,27312128
0,26187776
0,25434624
0,24743936
0,27688448
0,28749312
0,25341440
0,22483968
0,22917120
0,26026496
0,26419712
0,25800192
0,24824320
0,24818688
0,24475136
0,25819648
0,28168192
0,27545088
0,23271936
0,21077504
0,24225792
0,23905280
0,21772288
0,20216832
0,19981824
0,21498368
0,22532608
0,23505408
0,21880832
0,21299200
0,21355520
0,22232064
0,21498368
0,20636160
0,16339456
0,14432768
0,18461184
0,18174464
0,16490496
0,16316928
0,13454848
0,12884480
0,11727360
0,14660608
0,14156288
0,13555200
0,13116416
0,11922432
0,12300800
0,11869184
0,13217792
0,13901824
0,15543808
0,18118656
0,14792704
0,13863424
0,13629952
0,17942528
0,17827840
0,15641088
0,18541568
0,22578176
0,22986752
0,22815744
0,21782528
0,21600256
0,22939648
0,26203136
0,27201024
0,25096704
0,24846848
0,23411712
0,24005120
0,27832832
0,29182464
0,29987328
0,29276672
0,28949504
0,27352576
0,42887680
0,42795520
0,40620544
0,37240832
0,34673152
0,30551040
0,26499072
0,21562368
0,17941504
0,15147520
0,13345792
0,9162752
0,6272512
0,5154304
0,4737536
0,1539072
0,2271232
1,-377344
0,899072
0,2433024
0,4995072
0,6894592
0,10373632
0,13080064
0,13613568
0,18799104
0,17629184
0,19837952
0,19613696
0,18724864
0,14184448
0,11598848
0,8753664
0,8052736
0,3477504
0,2392064
0,2746880
1,-337408
0,5430272
0,2402304
0,3632640
0,670720
0,1178624
1,-735232
1,-1956864
1,-4636672
1,-3152896
1,-864768
0,4215296
0,6915584
0,11003392
0,15464960
0,17577472
0,21440000
0,20409856
0,22003712
0,21176320
0,17684480
0,21407744
0,21224448
0,23327744
0,25175552
0,29101568
0,31905792
0,32611328
0,32875008
0,33035264
0,34478080
0,32482816
0,36840960
0,31889920
0,32886784
0,31798272
0,33153024
0,33441280
0,32797184
0,37598208
0,28801536
0,26131456
0,18905088
0,17722368
0,10134528
0,8856064
0,1890304
1,-325632
1,-596480
1,-2887168
1,-3091456
1,-5291520
1,-4824064
1,-4812288
1,-8389632
1,-10536960
1,-10319872
1,-10326016
1,-8021504
1,-11793408
1,-8946176
1,-7984128
1,-6191616
1,-6385664
1,-7116288
1,-6005760
1,-6662656
1,-3265024
1,-3635712
1,-4241920
1,-1394176
0,225280
1,-164864
1,-1069568
0,2023424
0,2864640
0,5957120
0,4574208
0,6123008
0,6667264
0,8722432
0,6106112
0,53760
1,-3634688
1,-6274560
1,-4423168
1,-13448192
1,-12106752
1,-18051072
1,-18199040
1,-21574656
1,-6478848
1,-5648384
1,-4496384
1,-3024384
1,-1864192
0,624128
0,3245568
0,6354944
0,9398272
0,12924928
0,17791488
0,21105152
0,22827520
0,24701952
0,27703296
0,29513728
0,29471744
0,30176768
0,30700032
0,30272512
0,29048832
0,27744768
0,26307584
0,24181760
0,22136320
0,20774912
0,17361920
0,15408640
0,13505024
0,10204160
0,6119424
0,3947008
0,1486336
0,694272
1,-1878016
1,-1957888
1,-665600
1,-631808
1,-687104
1,-222720
1,-815104
0,82432
1,-65024
0,829440
0,2103296
0,3779072
0,5298176
0,8223744
0,11314688
0,14146048
0,15750144
0,19035136
0,21315072
0,23644160
0,24154624
0,24806912
0,25496576
0,24806400
0,24937472
0,24415744
0,21965312
0,20227584
0,17888256
0,16558592
0,13858304
0,13018112
0,10469376
0,8805888
0,6384640
0,5895168
0,2506240
0,2178048
0,1190912
0,1123328
0,732160
0,1405952
0,2964992
0,5641728
0,7302144
0,9989632
0,13260800
0,15889920
0,18942464
0,22413824
0,25577472
0,28599808
0,31775232
0,37888512
0,40003072
0,42974720
0,46743552
0,48957440
0,50219008
0,50120192
0,49007616
0,47932416
0,46497792
0,45147648
0,43737600
0,40267776
0,35341312
0,31086592
0,26216960
0,21083648
0,16421376
0,12061696
0,8591872
0,4675584
0,3003904
0,637952
0,331776
1,-1008128
1,-1450496
1,-632832
0,1168384
0,1663488
0,2660864
0,3206144
0,3768832
0,7383040
0,10943488
0,12949504
0,14652416
0,17656832
0,20689408
0,23685632
0,27078144
0,27119104
0,23986688
0,24062464
0,21736448
0,23640064
0,24731136
0,25306112
0,21932032
0,27760128
0,29053952
0,29117440
0,33458176
0,35865088
0,36450304
0,39639040
0,44936704
0,42265600
0,40526848
0,40720896
0,37118976
0,40225280
0,45049344
0,39627776
0,35457536
0,39512576
0,43711488
0,46072832
0,42778112
0,38533120
0,34830848
0,35304960
0,34580480
0,29974528
0,23671296
0,23330816
0,23155712
0,21177344
0,12926976
0,10883584
0,10341888
0,8679424
0,4038656
0,490496
1,-701440
0,192512
0,318464
1,-401920
1,-937472
0,852992
0,4536832
0,2505728
1,-260608
0,356352
0,2696704
0,2951680
0,3524608
0,7453696
0,6674432
0,7764992
0,7222784
0,7293440
0,12111360
0,12193792
0,13433856
0,12641792
0,13769216
0,18317312
0,19348992
0,19923968
0,17226752
0,19587072
0,20598272
0,17525760
0,14398976
0,14168576
0,15206400
0,13151232
0,11090432
0,9172480
0,11310592
0,13615616
0,9972736
0,10390528
0,9084416
0,8922624
0,9442816
0,8908800
0,8679424
0,7545856
0,7550976
0,9764352
0,9223680
0,7059968
0,7089664
0,9341952
0,11314176
0,11198464
0,11649536
0,15510528
0,19074048
0,20115968
0,21308928
0,21988352
0,20640256
0,23684096
0,24037888
0,18882048
0,20164096
0,20360192
0,21855744
0,19048960
0,19764736
0,20032512
0,17239552
0,15276032
0,16345088
0,13891072
0,10912256
0,12389376
0,16319488
0,14907392
0,15876096
0,14665216
0,14860288
0,15487488
0,17126912
0,16785408
0,14544896
0,15519232
1,-30100480
1,-30217216
1,-29963776
1,-25796608
1,-23950848
1,-19957760
1,-16316928
1,-12841472
1,-11259904
1,-8820224
1,-8292864
1,-7791104
1,-7307776
1,-6690304
1,-6251008
1,-5221376
1,-3149312
1,-1253376
1,-2155520
1,-2919424
1,-3404800
1,-2753024
1,-3924992
1,-5561856
1,-7122432
1,-9292800
1,-9266688
1,-9710080
1,-9359872
1,-10708480
1,-13285888
1,-14430208
1,-15518208
1,-17138688
1,-17731072
1,-18801152
1,-19748864
1,-21640192
1,-20430848
1,-21421056
1,-22593024
1,-20854784
1,-20587520
1,-20343808
1,-19671552
1,-17454080
1,-15988736
1,-11409920
1,-8255488
1,-7399936
1,-6770688
1,-4731904
1,-4027904
1,-4128768
1,-5046784
1,-5304320
1,-3267584
1,-4573184
1,-5279232
1,-7846400
1,-10714624
1,-13806080
1,-16283136
1,-18653696
1,-22265856
1,-23377920
1,-23581184
1,-23930880
1,-24505344
1,-26867712
1,-29353472
1,-32131072
1,-33068032
1,-35304448
1,-35548160
1,-37386240
1,-38173696
1,-38644224
1,-37713920
1,-35744768
1,-36711424
1,-35086336
1,-34338304
1,-33158656
1,-33670656
1,-29839360
1,-30475264
1,-32601600
1,-31200256
1,-31319552
1,-28216832
1,-28070400
1,-26434560
1,-26347008
1,-26309632
1,-25060352
1,-26506240
1,-26377216
1,-26022400
1,-27075584
1,-29249536
1,-32674816
1,-34816000
1,-37151232
1,-37580288
1,-39459328
1,-41981952
1,-42653184
1,-46296064
1,-46500864
1,-46556672
1,-47249408
1,-47636480
1,-46976512
1,-46855168
1,-45900800
1,-44976128
1,-45208576
1,-44752384
1,-43853824
1,-44932096
1,-46091264
1,-44475904
1,-41936384
1,-38183424
1,-34566144
1,-33016832
1,-33159680
0,35447296
0,36418560
0,37444096
0,40364544
0,46619136
0,45923328
0,39882240
0,39444992
0,38050304
0,32174592
0,29114880
0,26140160
0,23108096
0,20009472
0,15766016
0,17925120
0,15269888
0,12456960
0,12441600
0,9230336
0,5888512
0,5867008
0,4162560
0,606208
1,-2834432
1,-4656640
1,-4503552
1,-9964032
1,-8540160
1,-8555520
1,-11117568
1,-9313792
1,-9278976
1,-11047936
1,-14157312
1,-12846080
1,-14574592
1,-13008896
1,-11772928
1,-12330496
1,-13568000
1,-10738688
1,-8481792
1,-6428672
1,-3829248
1,-6524928
1,-7884288
1,-7602176
1,-4747264
1,-6412288
1,-13423616
1,-8364032
1,-5526528
1,-1883648
1,-2509312
0,6761472
0,14334464
0,9165312
0,13762048
0,13939712
0,14819328
0,16678912
0,24200704
0,18277888
0,14403072
0,16498176
0,20099584
0,23720960
0,25209344
0,28080128
0,25471488
0,22428160
0,21493248
0,22132736
0,24305152
0,22453760
0,19201536
0,12528640
0,12396032
0,17762816
0,15144448
0,12034560
0,12648448
0,17352192
0,15683584
0,16014336
0,17826304
0,18781696
0,18329088
0,17187328
0,20435968
0,17209344
0,13523968
0,13571072
0,18165760
0,19151872
0,16786944
0,15232000
0,14687232
0,13458944
0,13258240
0,9227264
0,9296384
0,11657216
0,8443392
0,7144448
0,4328960
0,7479296
0,8660992
0,13918720
0,16780800
0,13972992
0,10092544
0,12080640
0,11735040
0,10415616
0,13808128
0,13398528
0,7327744
0,5164544
0,17689088
0,23179264
0,19782144
0,23328768
0,25554432
0,27927552
0,29534208
0,31780352
0,14372864
0,16876544
0,13819904
0,15218176
0,15832064
0,14413824
0,17096704
0,20136960
0,20846080
0,18451456
0,19259904
0,17245696
0,16366592
0,15007232
0,14712832
0,5833216
0,5986304
0,5273600
0,4892672
0,2676736
1,-1239552
1,-242176
1,-3046912
1,-4696576
1,-1951232
1,-5379072
1,-8199168
1,-8473600
1,-8799744
1,-8963584
1,-5472256
1,-7577600
1,-9784320
1,-6324736
1,-7336448
1,-6208000
1,-2591232
1,-1793536
1,-1336320
0,28672
0,444416
0,824832
1,-911872
1,-1067520
1,-4893696
1,-3758592
1,-4166144
1,-4233216
1,-3047424
1,-1335808
1,-804864
0,3088384
0,3015168
0,3247616
0,1196032
1,-231424
1,-2206208
1,-339968
1,-3176960
0,494592
1,-1249280
1,-1099776
1,-1036800
0,2078208
0,3413504
0,2926592
0,3727360
0,4624384
0,7635456
0,8747008
0,7264256
0,4640768
0,5676544
0,5332480
0,6495744
0,3369472
1,-529920
1,-1911296
1,-1349120
0,18944
1,-1282560
1,-6193664
1,-6641664
1,-6913536
1,-6387712
1,-9241088
1,-9683968
1,-10196480
1,-7712256
1,-6759936
1,-3204096
1,-2666496
1,-2937344
1,-2164736
1,-3822592
1,-3953664
1,-3968000
1,-2072576
1,-2078720
1,-1091072
1,-914944
1,-334336
1,-2269696
1,-4418560
1,-4143616
1,-2592256
1,-1818112
1,-5362176
1,-3496960
1,-4527616
1,-5368320
1,-2135040
0,245248
0,768000
0,1667584
0,7321088
0,8326144
0,9654272
0,8534528
0,11330560
0,12722688
0,13104640
0,15012352
0,13758464
0,15493120
0,14514176
0,16565248
0,19156992
1,-17363968
1,-16354304
1,-15692288
1,-14996992
1,-15544832
1,-14684672
1,-14143488
1,-13521408
1,-13240320
1,-15433728
1,-16311808
1,-16172544
1,-16859136
1,-18638336
1,-18027520
1,-17592320
1,-17999872
1,-17772032
1,-19342848
1,-20791296
1,-20845056
1,-20949504
1,-21509120
1,-21284864
1,-21055488
1,-20529152
1,-19416064
1,-19726848
1,-19500544
1,-18824704
1,-16545792
1,-15643648
1,-16071168
1,-14728704
1,-13848064
1,-13435392
1,-13651968
1,-10972672
1,-10041344
1,-7747584
1,-8443392
1,-10428416
1,-10849280
1,-10625536
1,-9755136
1,-9989632
1,-10601472
1,-9754112
1,-11625472
1,-12457984
1,-12913152
1,-15446016
1,-16103424
1,-18593792
1,-20214784
1,-20957184
1,-19887104
1,-19887104
1,-20946944
1,-19438080
1,-18155520
1,-19032064
1,-17873408
1,-18492928
1,-22458368
1,-24818688
1,-28769280
1,-29837312
1,-29576192
1,-30808576
1,-29134336
1,-27987456
1,-26377728
1,-25350144
1,-26393088
1,-26053632
1,-28103680
1,-28281856
1,-29122048
1,-30205952
1,-30453760
1,-31620096
1,-32039936
1,-31926272
1,-31925760
1,-30675456
1,-32497152
1,-33558016
1,-33937408
1,-32798208
1,-33090048
1,-31892992
1,-30419968
1,-28874752
1,-27963392
1,-25765888
1,-26286080
1,-24912384
1,-23691776
1,-23628800
1,-23363584
1,-24320000
1,-25160704
1,-25541632
1,-26246144
1,-24930304
1,-26034688
1,-27347968
1,-28787712
1,-29970944
1,-29295104
1,-26817536
1,-27338752
1,-26410496
1,-25449984
1,-25893888
1,-24906240
1,-25084416
1,-24236032
1,-24470016
1,-24147456
1,-24094720
1,-24692736
1,-24670720
1,-24414208
1,-23172608
1,-23955456
1,-23341056
0,10987008
0,10283008
0,11762688
0,14183424
0,14240256
0,14586880
0,17311744
0,16897536
0,16822784
0,18221568
0,20733440
0,24333824
0,25980416
0,24954368
0,20283392
0,17600000
0,16668160
0,14501376
0,14040064
0,11831296
0,9617408
0,10082304
0,8705536
0,9546240
0,7356928
0,4223488
0,1666560
1,-3796480
1,-8110592
1,-11628544
1,-18721280
1,-25360896
1,-29037056
1,-28956160
1,-33473024
1,-35131392
1,-36056064
1,-37318144
1,-38426112
1,-40398848
1,-41628160
1,-41535488
1,-40494592
1,-41738240
1,-46152704
1,-46011904
1,-45953536
1,-44429824
1,-38952960
1,-35592704
1,-35283456
1,-31967232
1,-29475328
1,-26608640
1,-28150272
1,-26660864
1,-24794112
1,-23433728
1,-20441088
1,-16871936
1,-13983232
1,-13451264
1,-11454976
1,-12111872
1,-12556800
1,-13906432
1,-11558400
1,-10949632
1,-12847616
1,-11126784
1,-7654912
1,-8605696
1,-5785088
1,-3634176
1,-4148736
1,-5790720
1,-7946752
1,-8998400
1,-7636480
1,-4162560
0,675328
0,2972160
0,1701888
0,2054656
0,3391488
0,3026944
0,3920384
0,5641216
0,3770368
0,5649920
0,7520768
0,5348352
0,2865152
0,2587136
0,1858048
1,-1558016
1,-4563968
1,-9728000
1,-9580544
1,-9807360
1,-10973696
1,-12267008
1,-9642496
1,-8395776
1,-9082880
1,-12722176
1,-18685952
1,-20801024
1,-22077440
1,-27422208
1,-29727744
1,-35173888
1,-34934784
1,-34391040
1,-32980992
1,-37292032
1,-40950272
1,-43892736
1,-45696000
1,-47460864
1,-53591040
1,-52581888
1,-53116416
1,-54770688
1,-53111808
1,-52337152
1,-48315392
1,-46692352
0,6903808
0,3549184
0,4935168
0,4287488
0,9029632
0,12449280
0,9709056
0,8086016
0,8984576
0,13580800
0,14521856
0,13654016
0,19416576
0,26823168
0,23016960
0,27339264
0,31366656
0,31394816
0,33243136
0,28731392
0,27901440
0,25648640
0,24779264
0,24095744
0,19333632
0,16403456
0,15961088
0,14149120
0,10384896
0,15126528
0,20090368
0,16670208
0,18258944
0,20282368
0,22789632
0,22357504
0,21088256
0,15297024
0,11851776
0,13071872
0,14009856
0,12833280
0,8316928
0,9741312
0,13253632
0,16723968
0,24553472
0,24052736
0,17514496
0,14218240
0,16899584
0,20252160
0,19902464
0,12433920
0,3101696
0,1621504
0,6961664
0,13662208
0,14138880
0,9663488
0,10780672
0,16206336
0,21795328
0,22958592
0,19151360
0,18681344
0,17032704
0,20448768
0,20050432
0,16755200
0,15843328
0,15080960
0,19273728
0,20854784
0,19570176
0,19086848
0,17178112
0,14814208
0,15697408
0,15424512
0,16211968
0,17208832
0,19907072
0,15011328
0,12846592
0,17787904
0,16253440
0,19845120
0,20401152
0,17845760
0,18913792
0,24666112
0,28461056
0,27383808
0,21634560
0,22344704
0,25776128
0,24159744
0,23594496
0,22631424
0,18995712
0,20116992
0,23368192
0,23635968
0,21503488
0,18318336
0,14246400
0,14380544
0,15795712
0,18101248
0,17692160
0,14874624
0,17969152
0,20510208
0,19650048
0,19876864
0,21069312
0,19594752
0,18576384
0,18097664
0,19409920
0,20183040
0,20535808
0,25581568
0,25630208
0,27671552
0,31157248
0,26112512
1,-30077440
1,-33453568
1,-34272256
1,-32652288
1,-26895360
1,-24983552
1,-19303424
1,-9819648
0,3904512
0,11830272
0,13713920
0,16860160
0,13361152
0,10064384
0,8748544
0,5535744
1,-3327488
1,-9152512
1,-7210496
1,-3419136
0,1481728
0,11105280
0,12049408
0,15827968
0,19344896
0,22565376
0,25722880
0,25639424
0,24565760
0,22452224
0,21362688
0,21294592
0,24173056
0,25428480
0,26505216
0,26432000
0,28995072
0,30806528
0,28784640
0,25010688
0,19542016
0,16056832
0,8865280
0,5174784
0,3028992
1,-737792
1,-7840768
1,-18128384
1,-22268928
1,-19802112
1,-19194368
1,-24018432
1,-30160896
1,-31877632
1,-34421248
1,-31513088
1,-34978816
1,-40006656
1,-37782016
1,-40744448
1,-40650752
1,-38968320
1,-42379264
1,-43899392
1,-43689984
1,-38926848
1,-28892160
1,-26267136
1,-24216064
1,-22372864
1,-20665344
1,-17085952
1,-19956224
1,-24145920
1,-25499136
1,-22164992
1,-19003392
1,-11098624
1,-3913728
0,2388480
0,8862720
0,16691712
0,26948096
0,31820800
0,36643840
0,37936640
0,42390528
0,45982720
0,48753664
0,53529600
0,57887232
0,63949312
0,70539264
0,69692416
0,67247104
0,67537920
0,67943424
0,69230592
0,69865472
0,72450048
0,74663424
0,75981824
0,77774848
0,80449024
0,80696320
0,79657984
0,74097664
0,70035456
0,63757824
0,58908672
0,53255680
0,46406144
0,43917824
0,33904640
0,29460480
0,23883264
0,16409088
0,13612544
0,5773824
1,-3404288
1,-8436224
1,-12480512
1,-16572928
1,-18822656
1,-26401280
1,-32004096
1,-37389312
1,-37888000
1,-37543424
1,-37535232
1,-36420096
1,-32705024
1,-33216000
1,-30026240
1,-29189120
1,-29573120
1,-31105024
1,-36651008
1,-42303488
1,-43907584
1,-39818240
1,-37116928
1,-34191872
1,-29011968
1,-23920128
1,-19003904
1,-16235520
1,-15094784
1,-16318464
1,-22051328
1,-20066816
1,-15792128
1,-11610624
1,-7606784
1,-635904
0,6779904
0,12356096
0,18619904
0,19006976
0,18039296
0,18443264
0,19673088
0,21734912
0,22055936
0,24087552
0,25426432
0,33912832
0,41779200
0,45872128
0,46803456
0,46447104
0,45040640
0,43006464
0,42851840
0,41502720
0,42054144
0,43670016
0,47554048
0,48382976
0,52634624
0,56274432
0,55268864
0,54294528
0,52849152
0,49479168
0,45253120
0,43545088
0,39271424
0,34002944
0,28517888
0,24779264
0,24126976
0,19351040
0,11913728
0,3152896
1,-3966464
1,-9838592
1,-13571584
1,-19314176
1,-25998336
1,-30246400
1,-35094528
1,-36490752
1,-41105920
1,-45426688
1,-50311680
1,-53785088
1,-60896768
1,-65538048
1,-69753856
1,-72018432
1,-74227200
1,-75008000
1,-72656896
1,-71862784
1,-71899136
1,-73867776
1,-78500352
1,-79533056
1,-78887936
1,-76758528
1,-76587520
1,-76158976
1,-75213824
1,-72438784
1,-66180096
1,-62132224
1,-56689152
1,-54078976
1,-51244032
1,-46199296
1,-44566016
1,-43531264
1,-41836032
1,-40649728
1,-41490432
1,-40702464
1,-41435136
1,-37832192
1,-34269696
1,-30481920
1,-28201472
1,-24922624
1,-21867520
1,-21981184
1,-20710912
1,-22300672
1,-23528448
1,-27982848
1,-33085440
1,-32828928
1,-32642048
1,-32734720
1,-34804736
1,-35543552
1,-34729984
1,-9688064
1,-16927744
1,-23682560
1,-30361088
1,-35978240
1,-41201664
1,-44814336
1,-47059968
1,-45514752
1,-44641280
1,-41347584
1,-38292992
1,-33654272
1,-27227136
1,-21322240
1,-13481472
1,-9314816
1,-4768256
1,-59904
0,5203456
0,9573376
0,13590016
0,17242624
0,19601920
0,20030976
0,22113280
0,21681664
0,21325824
0,16614912
0,12646400
0,5815296
1,-1135616
1,-7214592
1,-13861888
1,-22125056
1,-31486464
1,-38916608
1,-47972864
1,-56022528
1,-64569856
1,-72077824
1,-78498304
1,-84487168
1,-87265280
1,-89673728
1,-89809408
1,-90442240
1,-89380864
1,-89030656
1,-87332352
1,-85495296
1,-82697728
1,-79315968
1,-76469248
1,-72221696
1,-66728960
1,-61924864
1,-56257536
1,-50549760
1,-45069824
1,-41650176
1,-38280704
1,-34353152
1,-29024768
1,-24558080
1,-20477440
1,-15457280
1,-8907264
1,-2558464
0,4227072
0,8765440
0,12300288
0,16905216
0,21083136
0,24319488
0,27404800
0,28597760
0,31951360
0,33308672
0,35658240
0,35819520
0,36732928
0,36897280
0,36306944
0,36232704
0,35250688
0,34140672
0,33040384
0,31415808
0,29597184
0,27011584
0,26910208
0,24548352
0,22542848
0,22186496
0,21403136
0,20547072
0,20750848
0,19836928
0,19503616
0,18596352
0,17400320
0,17348608
0,18033152
0,17915904
0,17343488
0,17320448
0,16922112
0,16758784
0,19269120
0,20212224
0,21118464
0,22299648
0,21963776
0,20531200
0,20200448
0,21202432
0,21822976
0,20436992
0,21322240
0,21703168
0,20792320
0,21030912
0,19167744
0,18256896
0,17886720
0,17996800
0,17003520
0,69577728
0,66348544
0,63446016
0,61121024
0,58444288
0,55997952
0,54526976
0,54147584
0,53594112
0,54363648
0,55822848
0,56318976
0,56642048
0,57039360
0,53124608
0,48519680
0,44395008
0,38837248
0,31740928
0,24603136
0,18402304
0,11310080
0,3831808
1,-1623040
1,-7482368
1,-12841984
1,-18226688
1,-22263296
1,-27475456
1,-28672512
1,-28423680
1,-29672448
1,-26725376
1,-25619968
1,-20350976
1,-15980032
1,-10497536
1,-2958336
0,6058496
0,16160768
0,25076736
0,36810752
0,47282688
0,58294784
0,67886080
0,79393792
0,88628224
0,96588288
0,104663552
0,110973952
0,116534272
0,119083520
0,120132608
0,117563392
0,113742848
0,108685312
0,102434816
0,94313472
0,86422528
0,78509568
0,70344192
0,64617472
0,57555456
0,50806272
0,44534272
0,39206400
0,33595392
0,27203072
0,22272000
0,18336768
0,16449536
0,15671296
0,16386560
0,18709504
0,20409344
0,24771584
0,27991552
0,32728576
0,37204992
0,42661888
0,45215744
0,48552448
0,50405888
0,51050496
0,52954624
0,54905856
0,53443072
0,53537280
0,51633152
0,51180544
0,49178112
0,46459904
0,44987904
0,41139712
0,35729920
0,31023616
0,27590656
0,22658048
0,19448320
0,16605184
0,13643264
0,9685504
0,7165440
0,5610496
0,2595328
1,-748032
1,-928768
1,-5185536
1,-6469120
1,-9121792
1,-7486976
1,-8440832
1,-8569344
1,-6871040
1,-3173888
1,-214528
0,3608064
0,3740160
0,5751296
0,6720000
0,10220032
0,11671040
0,13602304
0,15654400
0,20597760
0,22627328
0,26651648
0,27720192
0,2051072
1,-2119168
1,-4753408
1,-7106560
1,-9938944
1,-12727296
1,-13091328
1,-12666368
1,-11669504
1,-11340800
1,-12464128
1,-12152320
1,-11379712
1,-10909696
1,-11645440
1,-13454848
1,-13694464
1,-13224448
1,-14164992
1,-15488512
1,-17844224
1,-19182080
1,-21083648
1,-22860288
1,-24698368
1,-25174016
1,-26674688
1,-27574784
1,-27107328
1,-27115520
1,-27017728
1,-25103360
1,-23879168
1,-24211456
1,-23023616
1,-20966400
1,-18913792
1,-17903104
1,-16289280
1,-12734464
1,-9561088
1,-6742016
1,-5740544
1,-5042176
1,-3329536
1,-1577472
1,-2356736
1,-2854912
1,-3782144
1,-3963392
1,-5191168
1,-5319680
1,-5877760
1,-5341696
1,-4588544
1,-4317696
1,-3069440
1,-1500672
1,-1428992
1,-645120
0,1094144
0,2904064
0,4201984
0,6621184
0,6348800
0,7699968
0,7872000
0,9873408
0,9572864
0,10373632
0,9284608
0,8677376
0,8462336
0,7190528
0,5985792
0,3727872
0,3383808
0,584192
1,-1975296
1,-4069376
1,-5159936
1,-8419328
1,-10321408
1,-10802688
1,-11699712
1,-13224448
1,-14718976
1,-13476864
1,-13443584
1,-11637760
1,-9242624
1,-6913024
1,-5461504
1,-1390080
0,779264
0,2152448
0,3060736
0,4544512
0,5265408
0,6021632
0,5679616
0,7367680
0,10142720
0,8946688
0,7863296
0,5983744
0,3711488
0,3768832
0,481792
1,-2295296
1,-5594624
1,-8254464
1,-9762304
1,-11974144
1,-14008320
1,-15417344
1,-17251328
1,-17864192
1,-18305024
1,-19520512
1,-21672448
1,-23244288
1,-22366720
1,-22932480
1,-23547392
1,-25389568
1,-26301440
1,-27828736
1,-21250048
1,-17761792
1,-14245376
1,-9380352
1,-4664832
0,1564672
0,5882368
0,6659072
0,6780416
0,4877824
0,927232
1,-4445696
1,-9059840
1,-12808192
1,-17539584
1,-19758592
1,-18895872
1,-15986176
1,-13499904
1,-8201728
1,-2668032
0,1174016
0,2002944
0,1274368
0,1697280
0,3022336
0,2772992
0,4538368
0,7385600
0,8796160
0,10654208
0,8542720
0,6463488
0,5599744
0,3945984
0,1442816
1,-3804160
1,-11049984
1,-18515968
1,-21182976
1,-26131456
1,-32720384
1,-37376000
1,-45470720
1,-50647040
1,-52737024
1,-51392512
1,-47945216
1,-44098048
1,-37826048
1,-36576768
1,-31655936
1,-29192704
1,-33183232
1,-31660032
1,-36334592
1,-39908352
1,-43927552
1,-48583680
1,-54364160
1,-61386240
1,-61977600
1,-63574528
1,-62088704
1,-62456320
1,-67464704
1,-63207936
1,-62945280
1,-66985472
1,-64904192
1,-62320128
1,-64092672
1,-59226624
1,-53005824
1,-48403456
1,-42150912
1,-39425536
1,-36001792
1,-32706048
1,-30644224
1,-31098880
1,-34637312
1,-37155840
1,-40534016
1,-44676096
1,-47301120
1,-48555008
1,-49814528
1,-46828544
1,-46095360
1,-41370624
1,-34046464
1,-31752704
1,-30183424
1,-29866496
1,-31337472
1,-29457920
1,-25385472
1,-25615360
1,-24088064
1,-20966400
1,-16934400
1,-18174464
1,-17278464
1,-19672576
1,-21318144
1,-25123328
1,-27540480
1,-30856192
1,-37160960
1,-39482880
1,-35508224
1,-33925632
1,-31709184
1,-30029312
1,-31336960
1,-31351808
1,-32779776
1,-34154496
1,-39113216
1,-44192256
1,-41952768
1,-41572864
1,-40766464
1,-35011072
1,-32982528
1,-27301888
1,-24815616
1,-50823680
1,-44647424
1,-40160256
1,-44982784
1,-53701120
1,-56982528
1,-53085696
1,-51839488
1,-53633536
1,-50090496
1,-43062784
1,-37272064
1,-31989248
1,-34764288
1,-35427840
1,-33803264
1,-32313856
1,-39663616
1,-46263808
1,-43734528
1,-41733632
1,-36164608
1,-28799488
1,-25788928
1,-28419584
1,-32199168
1,-37208576
1,-39010304
1,-38148608
1,-45455360
1,-49782272
1,-47831040
1,-38305792
1,-35759616
1,-37969920
1,-44909056
1,-43202048
1,-43437568
1,-46714368
1,-49031680
1,-54394368
1,-52252672
1,-46013440
1,-41528320
1,-39390720
1,-37047808
1,-39556096
1,-40729088
1,-39346176
1,-36085760
1,-39897088
1,-46206976
1,-44913664
1,-46430208
1,-36548096
1,-35406336
1,-35307520
1,-37613568
1,-39825920
1,-40091648
1,-32588800
1,-26797568
1,-33822720
1,-37928960
1,-37266432
1,-32473088
1,-24481792
1,-26235904
1,-29070336
1,-33294848
1,-30667264
1,-23887360
1,-24088064
1,-25821184
1,-30043648
1,-30909952
1,-30804992
1,-31053312
1,-31838720
1,-34730496
1,-33201152
1,-33579520
1,-30228992
1,-30062080
1,-25900032
1,-21671424
1,-20699648
1,-26335232
1,-28462080
1,-32237568
1,-30006272
1,-29314048
1,-27296768
1,-23807488
1,-29182976
1,-27986432
1,-29687296
1,-25113088
1,-22049280
1,-27697664
1,-29538304
1,-35221504
1,-33367040
1,-30791168
1,-22794752
1,-26863104
1,-30935552
1,-26521600
1,-23593472
1,-22216704
1,-22477824
1,-22883328
1,-23369728
1,-24813568
1,-28515328
1,-34649088
1,-33121792
1,-22882816
1,-16724480
1,-17128448
1,-19584000
1,-24755712
1,-20816896
1,-12314624
1,-11102720
1,-22737408
1,-31509504
1,-31273984
0,66984960
0,69144064
0,70552064
0,70677504
0,70992896
0,67697664
0,65062400
0,63616000
0,61986304
0,61396480
0,61144576
0,62919168
0,62873600
0,62693376
0,65694720
0,65467392
0,63947264
0,60584448
0,57830912
0,58153984
0,59855872
0,60451840
0,63483392
0,65613312
0,68076544
0,69949440
0,70441984
0,70138368
0,69558272
0,69377536
0,69673984
0,71962112
0,72872960
0,75410432
0,76126720
0,75988992
0,78421504
0,79462912
0,82279424
0,82535424
0,82754048
0,81852928
0,81982976
0,81479168
0,80870400
0,80753664
0,77849088
0,77062144
0,74481152
0,74041344
0,74322944
0,74971136
0,75386880
0,74182144
0,71520768
0,68447232
0,67174400
0,67003392
0,67203072
0,68481536
0,66029568
0,65731584
0,67180032
0,70577664
0,71343616
0,71341056
0,72622592
0,70341120
0,72540672
0,71016960
0,71840768
0,70953472
0,69510144
0,69642240
0,70923776
0,74079744
0,73205760
0,72137728
0,67743744
0,64069632
0,64232448
0,63363584
0,60840960
0,58682368
0,58190336
0,55600640
0,54800384
0,52729856
0,50961920
0,53022720
0,52152832
0,50890752
0,49342464
0,48098816
0,47401984
0,49946624
0,51339776
0,50044416
0,50677248
0,54291968
0,56871424
0,59716096
0,63142400
0,66319360
0,69868544
0,74062848
0,75995136
0,77908992
0,78346240
0,78158336
0,77576192
0,76946432
0,77332480
0,77316096
0,77713920
0,79894016
0,79954944
0,80637952
0,80503296
0,82403840
0,79753728
0,77281792
0,75891200
0,73102848
0,72189440
0,70644736
0,67457024
0,67910656
1,-20279808
1,-19022336
1,-16833024
1,-15044096
1,-16437760
1,-20429312
1,-26681344
1,-26561024
1,-25901056
1,-24037376
1,-24139776
1,-25271808
1,-24121344
1,-21261824
1,-14158848
1,-8638464
1,-6670848
1,-6624768
1,-4443648
1,-1569792
1,-1231360
1,-3860480
1,-4547584
1,-5881344
1,-4364288
1,-5952000
1,-5305856
1,-4133376
1,-2660352
0,752128
0,3243520
0,2787328
0,4019200
0,5425664
0,5463552
0,7157760
0,6220288
0,3707904
0,4641280
0,4893696
0,3196416
0,604672
1,-201728
1,-172032
1,-65536
1,-810496
1,-1787392
1,-3374592
1,-6931968
1,-10880512
1,-14068736
1,-15804928
1,-12676608
1,-10419712
1,-10340864
1,-13900288
1,-19268096
1,-19587584
1,-16743424
1,-13854208
1,-14137344
1,-18065408
1,-24881664
1,-24459264
1,-22407168
1,-23573504
1,-25518592
1,-24815104
1,-23488512
1,-21660672
1,-17519104
1,-18256384
1,-21831680
1,-26374144
1,-30719488
1,-33366016
1,-31773696
1,-31479808
1,-30125568
1,-31983104
1,-34060800
1,-36249600
1,-37149696
1,-38104576
1,-38702592
1,-40683008
1,-42438656
1,-41911296
1,-39512576
1,-36033024
1,-35447296
1,-37341184
1,-36597248
1,-32722432
1,-30912000
1,-33009664
1,-36239360
1,-37804544
1,-38403584
1,-33823232
1,-33452032
1,-34230784
1,-33580544
1,-33849344
1,-30611968
1,-29122048
1,-27145728
1,-25035776
1,-21500416
1,-16851968
1,-9392128
1,-5341696
1,-4040704
1,-3382272
1,-4868096
1,-4290048
1,-1429504
0,2730496
0,3999744
0,7508480
0,7867392
0,12665344
0,15966720
0,18484736
0,13603840
0,9024000
0,2045440
1,-764928
0,35620864
0,37749760
0,39531520
0,41665024
0,41176064
0,41095168
0,40212480
0,39835648
0,39171584
0,38043136
0,37614592
0,36386304
0,34216960
0,32315392
0,29209600
0,28432384
0,27728896
0,26370560
0,25634304
0,24583680
0,24183808
0,25753088
0,26675200
0,27278848
0,25601536
0,21031424
0,16457216
0,10955776
0,6373376
0,3202560
1,-854528
1,-2515968
1,-5528064
1,-8017920
1,-9883136
1,-13110784
1,-13258240
1,-15780864
1,-17498624
1,-18448384
1,-19618816
1,-19310080
1,-19414016
1,-19076608
1,-20057088
1,-20878336
1,-23330304
1,-26695168
1,-28876288
1,-33772032
1,-35636736
1,-34797568
1,-35079680
1,-33351680
1,-31329792
1,-29726208
1,-27175936
1,-25971712
1,-22727680
1,-23901184
1,-25110528
1,-25903104
1,-26326016
1,-26625536
1,-26193920
1,-28182016
1,-29837824
1,-31521280
1,-32637440
1,-33633280
1,-35011584
1,-34977792
1,-34312192
1,-32641536
1,-30388224
1,-29262848
1,-28698112
1,-26743808
1,-26221056
1,-25189888
1,-24526336
1,-25666560
1,-26125824
1,-27382272
1,-28604928
1,-29033984
1,-30459392
1,-27865088
1,-27272704
1,-25318400
1,-24504320
1,-21657088
1,-17621504
1,-14862848
1,-14116352
1,-13613568
1,-11464704
1,-10661888
1,-10377728
1,-9107968
1,-10523648
1,-9864704
1,-10996736
1,-11605504
1,-11303936
1,-10514944
1,-9100800
1,-9887232
1,-10705408
1,-9925632
1,-8572416
1,-7113728
1,-5071872
1,-4129792
1,-3422208
1,-1404928
0,964608
0,2647552
0,5940224
0,9341952
0,12588032
0,15692288
0,18485248
0,19994624
0,22076928
0,24985088
0,28072448
0,29067264
1,-40029696
1,-40356864
1,-42332160
1,-41945600
1,-41119232
1,-41398272
1,-42572800
1,-40963072
1,-39773696
1,-40001536
1,-40049664
1,-40114688
1,-39237120
1,-34436608
1,-32245760
1,-34710528
1,-35820032
1,-35521024
1,-36399104
1,-36189696
1,-35911168
1,-35409408
1,-37880320
1,-39699968
1,-39572992
1,-39720448
1,-41346048
1,-45918208
1,-49941504
1,-55254528
1,-54479360
1,-56245248
1,-60071424
1,-60083712
1,-57134592
1,-57512448
1,-56041984
1,-55677952
1,-58453504
1,-57900544
1,-57000960
1,-57824768
1,-57776640
1,-54953472
1,-51691520
1,-48158720
1,-46501888
1,-42814976
1,-41121792
1,-38235136
1,-37791232
1,-36858368
1,-36765696
1,-33511424
1,-32883712
1,-28639232
1,-27239936
1,-23830016
1,-22268416
1,-20295680
1,-19692032
1,-20070400
1,-23250432
1,-25338368
1,-23095296
1,-22097920
1,-23464448
1,-22816768
1,-21777920
1,-20896256
1,-20187136
1,-24076800
1,-25582080
1,-28261376
1,-32255488
1,-34824192
1,-39963648
1,-41851904
1,-40229376
1,-35689472
1,-35533824
1,-35589120
1,-39339008
1,-38816256
1,-37580800
1,-34846208
1,-38717952
1,-41204224
1,-39981568
1,-35845120
1,-34865152
1,-34680832
1,-33972736
1,-30123008
1,-28476416
1,-29392384
1,-33293312
1,-33495040
1,-31410176
1,-26886656
1,-28830208
1,-33896448
1,-35841024
1,-36002816
1,-34284544
1,-34412032
1,-37498368
1,-39366656
1,-38826496
1,-39398400
1,-42619392
1,-43757568
1,-45310976
1,-45606400
1,-44457472
1,-43911168
1,-42919936
1,-37882880
1,-36873728
1,-33272832
1,-30681088
1,-30420480
1,-31904256
1,-32401408
1,-32385024
1,-31235072
1,-28852224
1,-31637504
0,30930944
0,30824448
0,28962304
0,27324416
0,24569344
0,23263744
0,23603712
0,20833280
0,21578240
0,21077504
0,23329280
0,28210176
0,26493952
0,27084800
0,29856768
0,29212160
0,31318528
0,31201792
0,29437440
0,28012544
0,28249088
0,23414784
0,23394816
0,21185536
0,18319872
0,17087488
0,14941696
0,14521344
0,16450560
0,13026816
0,12652032
0,15026176
0,16022016
0,15769088
0,11601408
0,11145216
0,15078400
0,11812352
0,11524096
0,9364992
0,9387520
0,9011200
0,10059776
0,10426368
0,10697216
0,12341248
0,12227072
0,12431872
0,12019712
0,14086656
0,12189696
0,9454592
0,8771584
0,8884224
0,4298752
0,5373952
0,4656128
0,2301952
1,-24576
1,-3596288
1,-2803712
1,-3759616
1,-5251584
1,-2868736
1,-2823680
1,-4265472
1,-3749888
1,-57344
1,-1501184
0,1700352
0,3774976
0,7326208
0,6035456
0,9516032
0,10401280
0,10613248
0,10358784
0,12317696
0,11732480
0,13154816
0,13668352
0,13817856
0,14454272
0,17153024
0,17341952
0,18159616
0,24063488
0,25184256
0,25064448
0,25548800
0,29145600
0,30149632
0,34953728
0,38705664
0,38347776
0,35112448
0,37622272
0,35044352
0,33640960
0,31443456
0,27780608
0,27091968
0,24273408
0,22742016
0,23367168
0,19781632
0,20708864
0,21890048
0,18829312
0,18916352
0,16718848
0,18694656
0,15480832
0,11987456
0,14560256
0,13633536
0,11733504
0,9646080
0,9629696
0,10974720
0,8277504
0,9729024
0,10420224
0,9680384
0,11654656
0,13224448
0,12107776
0,12744192
0,6751232
0,5614592
0,4638720
0,6625792
0,7741440
0,5581312
0,5278720
0,5620224
0,8367104
0,11693056
0,13318144
0,15104512
0,14939648
0,17364992
0,20054016
0,22772224
0,24119296
0,24941056
0,24092672
0,22768128
0,20819456
0,20035072
0,18571264
0,19539456
0,19733504
0,18606592
0,16752128
0,15253504
0,13226496
0,14407168
0,15293440
0,14614528
0,15132160
0,14627328
0,14697984
0,18334720
0,21062656
0,24556032
0,27682816
0,32242176
0,36968960
0,40512000
0,43010048
0,45208064
0,48994304
0,50557952
0,53346816
0,55672832
0,58448384
0,62164480
0,63512576
0,65303040
0,65256448
0,63900160
0,62182912
0,59785216
0,56126464
0,52810240
0,49538560
0,47892992
0,49523712
0,50617344
0,52663296
0,52716544
0,52685312
0,49903616
0,48185344
0,44678656
0,41133056
0,37408256
0,34905600
0,33776640
0,34799616
0,36086784
0,37692928
0,38513152
0,38906880
0,37512192
0,35466752
0,32623616
0,29077504
0,26834432
0,24876544
0,24492544
0,23750656
0,23679488
0,25633792
0,24016896
0,23126528
0,21512192
0,17355264
0,13303808
0,10897920
0,8995328
0,7011328
0,7250944
0,6048256
0,5534208
0,6100992
0,6019072
0,3348992
0,266752
1,-2096640
1,-5374976
1,-10326016
1,-13449216
1,-14852096
1,-14763008
1,-12723712
1,-10148864
1,-9605632
1,-9850880
1,-10321920
1,-9017344
1,-7007744
1,-6734336
1,-8011776
1,-7734272
1,-5960192
1,-1502720
0,446464
0,845824
0,2292736
0,5736960
0,7472128
0,9609216
0,10491392
0,10193920
1,-51287552
1,-51995648
1,-51653632
1,-50127360
1,-48998912
1,-45411328
1,-43633152
1,-41644544
1,-37506048
1,-35252224
1,-33658880
1,-33827840
1,-33455104
1,-35671040
1,-39101440
1,-41832448
1,-42933248
1,-44968960
1,-48174080
1,-48433664
1,-50615808
1,-50517504
1,-52748800
1,-53549056
1,-58122240
1,-60790272
1,-65221632
1,-67749376
1,-69159936
1,-70246400
1,-71249408
1,-70834176
1,-65936384
1,-61362176
1,-59241472
1,-56973312
1,-55523328
1,-54343168
1,-51802112
1,-52295168
1,-50660864
1,-53412864
1,-52890112
1,-54339584
1,-51109376
1,-52432384
1,-52603392
1,-49630208
1,-48066048
1,-46236160
1,-44396032
1,-46365184
1,-46157312
1,-47452160
1,-51497984
1,-54086144
1,-58412032
1,-62685696
1,-65021440
1,-69271040
1,-72377344
1,-77582336
1,-80225792
1,-80078848
1,-80653312
1,-81629696
1,-82427392
1,-84305920
1,-83524608
1,-81257984
1,-81718272
1,-81567232
1,-79111680
1,-78533632
1,-75981824
1,-75851264
1,-72724480
1,-71376896
1,-70734336
1,-68608512
1,-61936128
1,-60107776
1,-55318528
1,-51021312
1,-49780224
1,-47512576
1,-42122240
1,-38157824
1,-36647424
1,-35805184
1,-34857472
1,-33748992
1,-33507840
1,-30836736
1,-28831232
1,-29683200
1,-27311104
1,-25584128
1,-26486272
1,-23208960
1,-21377024
1,-21807616
1,-23155200
1,-25084416
1,-27127296
1,-27694080
1,-27451904
1,-27787264
1,-27296768
1,-25101824
1,-23445504
1,-21261824
1,-18981376
1,-18211840
1,-17510400
1,-17239552
1,-19460608
1,-20706304
1,-20045824
1,-20691968
1,-21227008
1,-19647488
1,-22629888
1,-21948928
1,-21921792
1,-23656960
1,-26917376
1,-31080448
0,7119360
0,12361216
0,18125824
0,25787904
0,26698240
0,26497024
0,23576576
0,22773760
0,20578304
0,20346880
0,18782208
0,15960576
0,16506880
0,18609664
0,24913408
0,28510720
0,32913920
0,35934208
0,36340736
0,34219008
0,31512064
0,25982976
0,20805120
0,15755264
0,8814080
0,4560896
0,4761600
0,4432896
0,1664512
1,-1174528
1,-2767360
1,-4953600
1,-4780544
1,-3322880
1,-4883968
1,-8770560
1,-11026432
1,-14202880
1,-18551296
1,-22571520
1,-25889280
1,-28380672
1,-33436160
1,-38340096
1,-41488384
1,-37987328
1,-36420608
1,-32806912
1,-32245760
1,-30689280
1,-23002624
1,-15157760
1,-10355712
1,-6171648
0,125952
0,4256256
0,7309824
0,8982016
0,7452672
0,5726208
0,3683328
1,-2333696
1,-6102016
1,-9756160
1,-14146048
1,-19098624
1,-22763008
1,-26024960
1,-29586432
1,-28442112
1,-25300992
1,-18706944
1,-11224064
1,-7925760
1,-5849600
0,1445888
0,8890880
0,11084288
0,9753088
0,8577024
0,7416832
0,9092608
0,12304384
0,14940672
0,15373824
0,15636992
0,13961216
0,13872640
0,12947456
0,10337792
0,6569472
0,4115456
0,265728
1,-6609920
1,-10497536
1,-12469760
1,-14957568
1,-15305216
1,-18900480
1,-23102464
1,-27691520
1,-32039424
1,-35408384
1,-37417984
1,-36083200
1,-34050048
1,-30672384
1,-25103360
1,-17423360
1,-10357760
1,-4312576
0,999424
0,6617088
0,11150336
0,14758400
0,14367744
0,13309952
0,9322496
0,2387456
1,-3381760
1,-11848192
1,-16997376
1,-18619392
1,-20131328
1,-24320512
1,-29165568
1,-33957376
1,-37060096
0,42487808
0,43334656
0,42198528
0,42286080
0,36645888
0,35053056
0,33463808
0,27115008
0,25324032
0,22804992
0,20225024
0,14654976
0,10800128
0,10175488
0,9512448
0,10013696
0,5363712
0,1680384
0,2269696
0,4688896
0,10073088
0,15339008
0,16023040
0,14572032
0,14285312
0,19042816
0,23823360
0,24444928
0,20614656
0,15932416
0,15588352
0,15551488
0,15076352
0,11892224
0,9516544
0,10632192
0,9856512
0,10743808
0,9638912
0,10046976
0,9035264
0,6248960
0,1903616
0,1376768
0,1744384
0,4130304
0,3513344
0,3261440
0,4248576
0,6216704
0,12681216
0,12076544
0,12598272
0,14332416
0,14139392
0,15252992
0,15605248
0,15128064
0,14486016
0,12328448
0,10267648
0,8172544
0,6027776
0,3698688
0,927232
1,-3430400
1,-8576512
1,-10186752
1,-9680896
1,-11497472
1,-12692480
1,-13705728
1,-14193152
1,-15325184
1,-11736064
1,-8832512
1,-9386496
1,-7159296
1,-7967232
1,-3442688
0,1208320
0,3352064
0,6870528
0,7396864
0,11906048
0,14216704
0,14650368
0,16962048
0,19834368
0,21799936
0,24876544
0,24862720
0,25968128
0,26870272
0,28819456
0,29759488
0,28625920
0,28426752
0,24977920
0,24482816
0,24208896
0,23104512
0,20919296
0,17576960
0,17205760
0,14617088
0,11096064
0,10293248
0,6574592
0,3482624
0,657408
0,299520
0,956416
0,595456
0,2730496
0,4480512
0,8060416
0,15866368
0,19934720
0,23001600
0,27605504
0,33801216
0,39906304
0,41704960
0,42607104
0,41769984
0,43586048
0,46812672
1,-21015040
1,-19921408
1,-19768320
1,-22291456
1,-23215616
1,-22863872
1,-22071296
1,-22446592
1,-21954048
1,-22548992
1,-24050176
1,-23503872
1,-22126080
1,-20587008
1,-19415552
1,-19356160
1,-19005952
1,-18465792
1,-16427008
1,-16738816
1,-15965696
1,-16503808
1,-16349184
1,-16415232
1,-15246848
1,-13953536
1,-12655616
1,-11087872
1,-10538496
1,-8451072
1,-6661120
1,-6028800
1,-4605440
1,-2832384
1,-1680384
1,-2106880
1,-1488896
1,-1150464
0,337920
0,1198592
0,2162176
0,2606080
0,3412992
0,3241984
0,3260928
0,3442688
0,3888640
0,3504640
0,4442112
0,3306496
0,2235904
0,1912320
0,1870848
0,717824
0,133120
1,-240640
1,-868864
1,-2194944
1,-2065408
1,-1096192
1,-1498112
1,-1196544
1,-1184768
1,-1817088
1,-2511872
1,-3753472
1,-4414976
1,-5487616
1,-7049216
1,-8817152
1,-10073088
1,-11614720
1,-11756544
1,-12607488
1,-12843008
1,-14283776
1,-14920704
1,-15059456
1,-16536576
1,-16710656
1,-17339392
1,-18194944
1,-19446784
1,-20201472
1,-19855872
1,-20946944
1,-20559872
1,-21041152
1,-21816832
1,-21277184
1,-19799040
1,-18653184
1,-16290816
1,-16049152
1,-15598080
1,-15810048
1,-15947776
1,-15250944
1,-14994432
1,-15960064
1,-17110016
1,-17301504
1,-17170432
1,-16318976
1,-14144512
1,-13490176
1,-12483584
1,-12498944
1,-13090816
1,-12998656
1,-14297088
1,-14672896
1,-15280128
1,-16306688
1,-15936000
1,-16783360
1,-17905664
1,-18227712
1,-17247232
1,-17056256
1,-17262080
1,-15988224
1,-16309760
1,-17185280
1,-16182784
1,-14713344
1,-13697024
1,-12461056
1,-35734528
1,-34814464
1,-34925056
1,-34002944
1,-33879040
1,-34080256
1,-34755072
1,-35984384
1,-36382720
1,-35362816
1,-36062720
1,-35366400
1,-34990080
1,-35364864
1,-36251136
1,-34939392
1,-35023872
1,-35598336
1,-35823104
1,-37746176
1,-37182464
1,-38533632
1,-37078528
1,-37098496
1,-36998144
1,-36929536
1,-36467712
1,-37157376
1,-36768768
1,-36107776
1,-37098496
1,-37111296
1,-37397504
1,-38030336
1,-38104576
1,-38425600
1,-39464448
1,-40232448
1,-41224192
1,-41780224
1,-44251648
1,-45172224
1,-46848000
1,-47415296
1,-49421312
1,-50567680
1,-52073984
1,-52350976
1,-52518400
1,-52749312
1,-50855424
1,-49641472
1,-47757824
1,-46728192
1,-45559808
1,-45096448
1,-43978752
1,-43336704
1,-43280384
1,-43832832
1,-42012160
1,-41294336
1,-40354304
1,-41532928
1,-41335808
1,-40899072
1,-40631808
1,-42094592
1,-42728448
1,-42823680
1,-43579904
1,-41902080
1,-41995264
1,-41099776
1,-41106944
1,-39103488
1,-37601792
1,-36169216
1,-35379200
1,-35255296
1,-34067456
1,-34993664
1,-33456640
1,-34481152
1,-34721280
1,-35663360
1,-35758080
1,-35058688
1,-34872320
1,-36607488
1,-36823040
1,-39082496
1,-40454656
1,-42387456
1,-44364288
1,-46813184
1,-49466368
1,-51997696
1,-54648832
1,-54615040
1,-55088128
1,-54982656
1,-55250432
1,-55781888
1,-55787008
1,-53895680
1,-51998720
1,-51709952
1,-51272192
1,-50559488
1,-51317248
1,-49553920
1,-50339840
1,-49705472
1,-51478528
1,-49943552
1,-48576512
1,-48946688
1,-48352256
1,-48753664
1,-48015360
1,-46918656
1,-47854080
1,-48249856
1,-47525888
1,-47486976
1,-46658048
1,-47411200
0,46391296
0,48099840
0,48815616
0,48349696
0,46709760
0,46125568
0,45934080
0,48025088
0,47733760
0,48359424
0,47153152
0,46137856
0,46104064
0,46617600
0,47207424
0,45420544
0,45391872
0,45875200
0,46601728
0,45812224
0,42796544
0,42210816
0,41289728
0,40975872
0,42082816
0,39847424
0,40271872
0,38696960
0,38164480
0,36707840
0,36532224
0,36408320
0,37090304
0,37397504
0,35674112
0,37380608
0,36718080
0,36528128
0,36619264
0,38173184
0,39492608
0,41006080
0,40722432
0,39718400
0,40276992
0,42970624
0,45362688
0,44322304
0,45100032
0,43620864
0,45682176
0,44888576
0,45880320
0,44320768
0,43261440
0,44920320
0,45065216
0,47609344
0,45926400
0,47610880
0,46915072
0,49158144
0,48319488
0,48827392
0,47525888
0,47346176
0,49947136
0,48495104
0,47904256
0,44760064
0,47323648
0,47180288
0,49017856
0,48965120
0,47432192
0,46802432
0,47711232
0,49370112
0,51033600
0,51423232
0,48996864
0,47339008
0,48383488
0,50500096
0,51733504
0,50958848
0,51234816
0,51306496
0,53145088
0,53999616
0,54202880
0,53307392
0,53051392
0,52107776
0,52094976
0,51838464
0,50393088
0,49445376
0,47850496
0,47191040
0,46571520
0,48571904
0,49110528
0,48143360
0,48451584
0,49127424
0,50680320
0,51906560
0,53388288
0,55753216
0,57675264
0,58262528
0,57212928
0,56401920
0,57835520
0,60101120
0,62401024
0,60909568
0,60234752
0,58671616
0,59219968
0,59490816
0,58390528
0,57735680
0,56598016
0,57921024
0,58884608
0,58871808
0,27725824
0,27586560
0,28453376
0,27853824
0,29081088
0,27945984
0,25803776
0,22130688
0,22163456
0,21745152
0,20902400
0,21170176
0,20096000
0,18305024
0,17923072
0,20100096
0,20383744
0,19769856
0,19286528
0,17918976
0,19014144
0,18411520
0,23990272
0,25852416
0,26719232
0,25538560
0,25204224
0,28520960
0,33650176
0,35884544
0,36796928
0,36183040
0,35783680
0,40818688
0,44022784
0,45354496
0,42819584
0,41316352
0,40634880
0,40195584
0,39017472
0,36280832
0,33795072
0,29150208
0,25750016
0,25102336
0,26299904
0,25512448
0,22361088
0,19724800
0,16448512
0,17454080
0,16342528
0,16140288
0,12454400
0,10889216
0,9926144
0,11073024
0,9401344
0,8347136
0,5555712
0,3449856
0,1230848
0,1179648
0,1482752
0,2036224
1,-66560
1,-106496
1,-1654272
0,1560576
0,2574848
0,3447808
0,1193472
1,-1369600
0,717312
0,2699776
0,2648064
0,98304
1,-64000
1,-298496
0,1936896
0,2172416
0,1467904
1,-991232
1,-413696
1,-792064
0,2360832
0,1710592
0,1770496
0,433664
0,2997248
0,3851264
0,1876992
1,-33792
0,388608
0,2140672
0,4412416
0,5316608
0,5083136
0,4419072
0,6188032
0,6793216
0,8567808
0,8891392
0,9232896
0,7800832
0,7627264
0,4490752
0,3275776
0,577024
1,-2014208
1,-957440
1,-263168
0,70144
1,-2211840
1,-227328
1,-774656
0,479232
1,-485888
1,-1837056
1,-3262464
1,-2158080
1,-2042880
1,-1883136
1,-2802176
1,-2797056
1,-3514368
1,-2095104
1,-29718528
1,-26282496
1,-24981504
1,-24791552
1,-23868928
1,-25672192
1,-30143488
1,-35510272
1,-44406272
1,-57620480
1,-66746880
1,-69301760
1,-66732032
1,-65867776
1,-62702592
1,-58629632
1,-56572416
1,-51857920
1,-48463872
1,-43029504
1,-37296128
1,-36293120
1,-38553600
1,-44635136
1,-49080832
1,-51458048
1,-50356736
1,-48115712
1,-47515648
1,-38159360
1,-32572928
1,-26081280
1,-21373952
1,-21398528
1,-21216256
1,-19686912
1,-15162880
1,-17959936
1,-18734080
1,-17256960
1,-17816064
1,-15683584
1,-12138496
1,-5391360
0,1631744
0,3782656
0,5932032
0,5696512
0,7752192
0,8779264
0,6421504
0,1953280
0,4319744
0,8146944
0,6882816
0,7017984
0,3230720
0,1381888
1,-1496064
1,-2675712
1,-3568640
1,-5760000
1,-6038016
1,-5622272
1,-2379776
0,1998848
0,8788480
0,9476096
0,7921664
0,4374016
0,446464
1,-1541120
1,-3683328
1,-8664576
1,-10400256
1,-10534912
1,-7846912
1,-8004608
1,-10155008
1,-11647488
1,-14629376
1,-16680448
1,-18411008
1,-18329088
1,-19346944
1,-22332928
1,-28072448
1,-28916224
1,-30876672
1,-32546304
1,-34262016
1,-35259904
1,-34659840
1,-33679360
1,-28109824
1,-23227392
1,-17922560
1,-12755968
1,-9698816
1,-7632896
1,-12063744
1,-18092544
1,-19953664
1,-21735424
1,-21363200
1,-19721216
1,-20183552
1,-19324416
1,-15562752
1,-17112576
1,-16970752
1,-20750848
1,-23340032
1,-22614016
1,-23968768
1,-27700224
1,-28261376
1,-28797440
1,-27277824
1,-24311296
1,-22904320
1,-23783936
1,-21188096
1,-18044928
1,-21184512
1,-21263872
1,-20561408
1,-19208704
0,16347648
0,19553792
0,24805888
0,29115392
0,30948352
0,28854272
0,28630016
0,28485632
0,27301376
0,29656064
0,29493248
0,27066368
0,31863296
0,32518144
0,33578496
0,35716608
0,33233920
0,30751744
0,24422400
0,20989440
0,20190208
0,17517568
0,14877184
0,10409472
0,9865216
0,10254336
0,11096064
0,8636928
0,2387456
1,-802304
1,-7803904
1,-12191232
1,-16186880
1,-19196928
1,-21552128
1,-26968576
1,-24303616
1,-23534080
1,-21112320
1,-23197696
1,-24173056
1,-24421376
1,-21432320
1,-19619840
1,-22587904
1,-23166464
1,-24591872
1,-20241408
1,-15321088
1,-18338304
1,-19584000
1,-21107200
1,-20398080
1,-20121600
1,-24694272
1,-30626816
1,-32650752
1,-28900864
1,-26071552
1,-27048960
1,-28316160
1,-25744896
1,-19878912
1,-13224448
1,-8651776
1,-8926208
1,-7839744
1,-5151744
1,-5634048
1,-6956032
1,-6409216
1,-6256640
1,-7129600
1,-5565440
1,-8442368
1,-7533568
1,-3620864
1,-2993152
1,-4775424
1,-8247808
1,-11087872
1,-13500416
1,-17366528
1,-19913216
1,-18729984
1,-18116608
1,-18557440
1,-17454080
1,-16282624
1,-13964800
1,-15803904
1,-15803392
1,-18283520
1,-19841024
1,-20484608
1,-20541952
1,-19622400
1,-16214016
1,-16612352
1,-16385536
1,-13520896
1,-9936896
1,-6141440
1,-4489728
1,-5953536
1,-6103552
1,-4243968
0,451584
1,-2332160
1,-6313472
1,-4413440
1,-1460224
0,4487680
0,4619776
0,7108096
0,9160192
0,12217856
0,16954368
0,20109824
0,20214784
0,18142208
0,18477568
0,20099072
0,17479168
0,17749504
0,18031616
0,15815168
0,14014976
1,-21891584
1,-16485376
1,-12240896
1,-7815680
1,-4140544
0,612864
0,4548608
0,9915392
0,14684672
0,19489792
0,25722880
0,27992064
0,33016320
0,33270272
0,33875456
0,33082368
0,31228928
0,29427200
0,26788352
0,24732160
0,21999104
0,18521600
0,13895680
0,7768064
0,1584640
1,-5302272
1,-12996608
1,-20966400
1,-32061952
1,-42460672
1,-50030592
1,-57649152
1,-63781888
1,-69628928
1,-74533376
1,-76837888
1,-77754880
1,-78593536
1,-81025024
1,-79927296
1,-76527616
1,-72035328
1,-66506752
1,-61148160
1,-51111424
1,-43997184
1,-32305664
1,-23467520
1,-13126144
1,-1455104
0,7273984
0,14352896
0,20831232
0,25647616
0,31410176
0,36572672
0,37182464
0,37524480
0,36062720
0,35326976
0,33328128
0,30276608
0,29256704
0,27754496
0,27110912
0,24475648
0,23018496
0,22000128
0,19964416
0,18284544
0,14571008
0,10735104
0,8345600
0,4892672
0,2716672
0,129024
1,-799232
1,-1999872
1,-2402816
1,-1428992
1,-1216000
0,1136640
0,1762304
0,5991936
0,9026048
0,12724224
0,14459392
0,15612928
0,18178048
0,18131456
0,19080192
0,17090560
0,14100992
0,11494912
0,6029312
0,1035264
1,-3811840
1,-8525312
1,-14456320
1,-19043328
1,-24177664
1,-29018112
1,-34083328
1,-39425024
1,-42819584
1,-45841408
1,-46790144
1,-49478144
1,-48973824
1,-48382976
1,-46860288
1,-41369600
1,-39461376
1,-35806720
1,-30083584
1,-24692224
1,-19248128
1,-14237184
1,-10939904
1,-6688768
1,-1692672
0,2270208
0,7001088
0,8116224
0,9664512
0,10228224
0,8265216
0,8153088
1,-18396160
1,-18287616
1,-17822208
1,-17744896
1,-15511552
1,-12355072
1,-11864576
1,-16835584
1,-16575488
1,-15023104
1,-16930816
1,-20915200
1,-18345472
1,-11940864
1,-9828864
1,-12319744
1,-14987264
1,-10668544
1,-11062784
1,-13590528
1,-17700352
1,-20118528
1,-20821504
1,-18223616
1,-15333376
1,-13292544
1,-14781952
1,-10877952
1,-5591040
1,-7868928
1,-10232832
1,-8774656
1,-6162432
1,-3792384
1,-2086912
1,-1771520
0,2281984
0,5822464
0,6921216
0,5909504
0,6179840
0,7912960
0,7086592
0,9540608
0,6621184
0,6735360
0,10362880
0,10803200
0,10962432
0,12029952
0,10962944
0,7275008
0,5877248
0,9812992
0,7579648
0,7657984
0,6048256
0,4689920
0,5409792
0,4434432
0,4051456
0,337408
1,-3425280
1,-8025600
1,-6429184
1,-9803264
1,-16142336
1,-15959552
1,-16873472
1,-22924288
1,-19216896
1,-17932288
1,-23417344
1,-28999680
1,-28286976
1,-25328128
1,-24233984
1,-23486976
1,-25277952
1,-18193408
1,-16079872
1,-13399040
1,-12962816
1,-6622208
1,-6410240
1,-5892608
1,-2447360
0,411648
0,3953664
0,6967808
0,7602688
0,9400832
0,9729024
0,8165376
0,7800832
0,4071424
1,-302080
1,-3332608
1,-5832192
1,-7671296
1,-12426752
1,-16201216
1,-19560960
1,-18417152
1,-19285504
1,-17735168
1,-19996160
1,-23201792
1,-25672192
1,-28430336
1,-31537664
1,-32773632
1,-34632704
1,-39019008
1,-38408192
1,-30077952
1,-27694080
1,-26586112
1,-27474944
1,-25804800
1,-23558144
1,-21879296
1,-24615936
1,-25277440
1,-28444672
1,-30125056
1,-23264256
1,-19047936
0,11146240
0,12555776
0,14744576
0,14609408
0,16315392
0,17812992
0,18654208
0,22598144
0,25671680
0,26371584
0,26286080
0,26563072
0,24895488
0,25690112
0,23380480
0,22980096
0,22377984
0,20688896
0,19278848
0,18273792
0,17895424
0,16959488
0,18373120
0,18311168
0,14130688
0,11731456
0,13050880
0,10238464
0,9726464
0,9227264
0,7618048
0,5550080
0,6896128
0,8273920
0,8435200
0,8169984
0,10894336
0,10568192
0,11464704
0,11511808
0,13666304
0,12387840
0,12669952
0,12827136
0,12702208
0,10119168
0,11840512
0,12898816
0,10687488
0,10079744
0,9751040
0,9494528
0,8082432
0,7106560
0,7681024
0,8439808
0,8714752
0,7967232
0,4750848
0,5095936
0,8630784
0,11712512
0,11711488
0,11972096
0,13639168
0,16792064
0,21329920
0,22509056
0,24468480
0,25668608
0,23791616
0,23960064
0,24013824
0,22318080
0,21104640
0,15684608
0,14238208
0,12162048
0,12500480
0,11168768
0,8401920
0,8358400
0,6778368
0,6184448
0,4585472
0,3755008
0,4768256
0,3492352
0,4690432
0,5987328
0,7477760
0,11779072
0,13353472
0,15306240
0,16702976
0,16280576
0,21361664
0,22970368
0,21632000
0,22348288
0,25193984
0,24573440
0,26375680
0,26264064
0,23409664
0,19332608
0,16145920
0,12467712
0,10506240
0,8180736
0,6239232
0,6450176
0,4526080
0,6297088
0,8122880
0,6260224
0,8581120
0,10435584
0,9468416
0,9958400
0,11376640
0,11433472
0,9272320
0,9912832
0,10608640
0,6573568
0,5937664
0,8668672
1,-1579520
1,-2759168
1,-3326976
1,-2137600
1,-2315264
1,-3187200
1,-4419072
1,-6596096
1,-6671360
1,-7038976
1,-9655296
1,-9987584
1,-12825088
1,-13856768
1,-13816320
1,-14559232
1,-13305856
1,-9959936
1,-5595136
1,-1124352
0,4830720
0,10475520
0,16642048
0,22176768
0,28187648
0,33281536
0,35358720
0,36789248
0,38630912
0,39690240
0,39752704
0,38254592
0,33371136
0,31496704
0,30964736
0,29825024
0,28039680
0,26689024
0,28335104
0,28174336
0,29171712
0,29619712
0,29018112
0,27141632
0,26902016
0,26705920
0,25172992
0,24557568
0,22773248
0,20226560
0,20055040
0,21900288
0,21083648
0,20014080
0,20054528
0,20175360
0,19630080
0,17808896
0,17897984
0,16795136
0,17392640
0,17317888
0,20219392
0,18259968
0,20034560
0,19016192
0,18576384
0,18304512
0,17969664
0,16479232
0,15431680
0,11316224
0,11521024
0,9892352
0,8443904
0,6081024
0,4358656
0,4023808
0,2402304
1,-154112
1,-2698752
1,-2679808
1,-2440192
1,-3054080
1,-3987456
1,-4845568
1,-4532224
1,-3982336
1,-5326336
1,-6308352
1,-8006656
1,-10294784
1,-11699712
1,-15010304
1,-19044864
1,-21682176
1,-23917568
1,-25295872
1,-26123776
1,-27579904
1,-29298176
1,-29780992
1,-29558784
1,-30346240
1,-31250432
1,-33250304
1,-33675776
1,-34339840
1,-33568768
1,-34287616
1,-36351488
1,-36373504
1,-38726656
1,-41738752
1,-42501120
1,-43984384
1,-42105344
1,-42425344
1,-44154368
1,-42861568
1,-45323264
1,-43943936
1,-45274112
1,-44030976
1,-44353024
1,-45571584
1,-45796864
1,-47215104
1,-15205888
1,-14118912
1,-10993152
1,-11072512
1,-13268480
1,-13734912
1,-13093888
1,-8155136
1,-9820160
1,-7780864
1,-9532416
1,-14214144
1,-15466496
1,-13093888
1,-15181312
1,-13206016
1,-15968768
1,-19294720
1,-16485376
1,-15338496
1,-19216384
1,-20867584
1,-18909696
1,-21878272
1,-22902272
1,-22283776
1,-19523072
1,-22972928
1,-22849024
1,-22867968
1,-22619136
1,-22817280
1,-23001088
1,-27336192
1,-29416960
1,-28525568
1,-30457344
1,-32030208
1,-31032320
1,-34527744
1,-36395008
1,-36255744
1,-37743104
1,-36395008
1,-35709952
1,-34417664
1,-35823104
1,-34011136
1,-38096896
1,-37252096
1,-36112896
1,-33945088
1,-34101248
1,-32946688
1,-35751424
1,-34785280
1,-30935040
1,-27615744
1,-25107968
1,-25843712
1,-24134656
1,-24453120
1,-22116352
1,-19592192
1,-18806272
1,-19971584
1,-18172416
1,-15706112
1,-13189632
1,-7977472
1,-9155072
1,-7689216
1,-4065280
1,-1370624
0,3103744
0,7086592
0,6807552
0,8299520
0,7612928
0,8010240
0,6813696
0,5411328
0,4464128
0,3200512
1,-1871872
1,-2459136
1,-919552
0,2315264
0,2159616
0,2637312
0,3160576
0,4278272
0,6189056
0,9133568
0,8592896
0,6751744
0,7995904
0,11145216
0,10585600
0,12930048
0,13431296
0,15800320
0,17460224
0,20604416
0,17795072
0,18530304
0,20143104
0,19972608
0,20422144
0,20738048
0,23055360
0,23047168
0,20662272
0,17158144
0,16157184
0,19086336
0,21105664
0,22747648
0,24933376
0,25987072
0,24275456
0,22509568
0,21644800
0,22001152
0,23177216
0,21968896
0,21274624
0,23168512
0,8782336
0,8254464
0,12128256
0,12019712
0,9624064
0,7457280
0,8347136
0,10872320
0,8846336
0,9308672
0,4397568
0,3006464
0,1829376
0,2536960
0,4205056
0,3031552
0,3206656
0,1733632
0,2695168
0,1697280
0,2549248
0,5102080
0,2830848
0,252416
0,2733056
0,5894144
0,6661632
0,8593920
0,10897920
0,8968704
0,9026048
0,6561280
0,6573056
0,5939200
0,8155648
0,8756736
0,8120320
0,5588480
0,8851968
0,9371648
0,5989888
0,5575168
0,7201280
0,6449152
0,8525312
0,10732544
0,11141632
0,7871488
0,9100288
0,9759744
0,7144960
0,10756608
0,8471040
0,7728128
0,9645056
0,6628352
0,10160128
0,13991936
0,13369856
0,8863232
0,7659008
0,8018944
0,9952768
0,10925056
0,13124608
0,9325568
0,8223232
0,14169600
0,14851584
0,15326208
0,13208576
0,14779904
0,14081536
0,14772224
0,15987200
0,16315904
0,16903168
0,17312768
0,16949760
0,18293760
0,22036480
0,21742080
0,25164800
0,24672768
0,24903168
0,25733120
0,25932288
0,27536384
0,30063616
0,29996544
0,32411648
0,32190464
0,33024000
0,35835904
0,36794368
0,38384128
0,44079616
0,45329408
0,37616128
0,26823168
0,32502784
0,35166720
0,37650944
0,36368896
0,31703040
0,34976256
0,35549184
0,36470272
0,37651968
0,37719552
0,31093248
0,31347200
0,33600512
0,31826944
0,31477760
0,30435840
0,29158912
0,30417920
0,28600320
0,26120192
0,21691392
0,21578240
0,24803840
0,27849216
0,27727872
0,25858048
0,25132032
0,26604544
0,23851008
0,24707072
0,25104896
0,23948288
0,21870080
0,20380160
0,20736512
0,18681856
0,21347328
0,21479936
0,18862080
0,18603520
0,17335808
0,15668736
0,13959680
0,16250368
0,17097216
0,16505856
0,15549952
0,14933504
0,14294016
0,14623744
0,14336000
0,13727744
0,13998080
0,16065536
0,16536064
0,12991488
0,14222336
0,13725184
0,14914560
0,13937152
0,15718912
0,17049088
0,17311232
0,19996672
0,20240384
0,18786816
0,18986496
0,19180544
0,20671488
0,21350400
0,22408192
0,24595968
0,23088640
0,20664832
0,20685824
0,22089216
0,20314624
0,20541440
0,19712000
0,18334208
0,19519488
0,21737472
0,22809600
0,23859712
0,27800576
0,29470208
0,29926400
0,29627904
0,27809280
0,27667968
0,26891264
0,27062272
0,24537088
0,25305600
0,26948096
0,27410944
0,29228544
0,30027264
0,28967424
0,27869696
0,26802688
0,26994688
0,25072640
0,23880192
0,22978048
0,21856768
0,20954112
0,23606272
0,23547392
0,23060992
0,23389184
0,21577216
0,20434944
0,18795520
0,19735552
0,18769408
0,18552832
0,17832960
0,17206784
0,16702464
0,18451456
0,19076608
0,19303424
0,21067776
0,20350976
0,20407296
0,21292544
0,21480448
0,21718528
0,21566976
0,21132800
0,20954112
0,21378560
0,20909568
0,21220864
0,23194624
0,23901696
0,25395200
0,25112576
0,25678336
0,26260992
0,28152832
0,26562048
0,26174976
0,28754944
0,28001280
0,27683328
0,28932608
0,29877248
0,29295616
0,30324224
0,27751424
0,25084416
0,26334208
0,25855488
0,24813568
1,-71734272
1,-71969280
1,-75448320
1,-78554112
1,-79618048
1,-77393920
1,-78963200
1,-79273984
1,-77946880
1,-79132672
1,-78057472
1,-76837888
1,-75292160
1,-74381824
1,-72814080
1,-74316288
1,-74595840
1,-74523136
1,-75011072
1,-73576448
1,-72525824
1,-71488512
1,-71838720
1,-71795200
1,-70353408
1,-72159744
1,-71656448
1,-74168320
1,-78667264
1,-77940736
1,-77948416
1,-78773760
1,-78235136
1,-79686144
1,-78775296
1,-80672768
1,-80166400
1,-81005568
1,-80890880
1,-77759488
1,-76619776
1,-77210624
1,-77899776
1,-78377472
1,-78748160
1,-78446080
1,-76656128
1,-77433856
1,-80494592
1,-79453184
1,-77508608
1,-78733824
1,-80097792
1,-79344128
1,-78520320
1,-78102528
1,-78351360
1,-79291392
1,-79547904
1,-77737472
1,-79557632
1,-79413248
1,-77152256
1,-78009856
1,-76574720
1,-76815360
1,-74637824
1,-73760256
1,-74394112
1,-74782720
1,-73599488
1,-71617024
1,-73512448
1,-72156672
1,-72483840
1,-72491520
1,-72220160
1,-73321472
1,-74984448
1,-75728384
1,-76261888
1,-77569024
1,-78128640
1,-78637056
1,-77639168
1,-79741952
1,-80806400
1,-79838720
1,-79872512
1,-81730560
1,-83083776
1,-84050432
1,-84102144
1,-84106752
1,-85699072
1,-83819520
1,-82240512
1,-79895552
1,-78397440
1,-77008896
1,-74496512
1,-72281088
1,-69874176
1,-70965760
1,-70592512
1,-72412160
1,-73200640
1,-73395712
1,-73069056
1,-73072128
1,-72524800
1,-73572352
1,-72912896
1,-74503680
1,-74901504
1,-75297280
1,-74829824
1,-74620416
1,-74136064
1,-75558400
1,-73464320
1,-73296384
1,-74260992
1,-72265216
1,-74358784
1,-72903168
1,-71918592
1,-73761280
0,20955136
0,21138432
0,20155904
0,18809344
0,17627136
0,15690752
0,15144960
0,14557696
0,13493760
0,12827136
0,12825088
0,13355520
0,12755968
0,12146688
0,11083264
0,10008064
0,8244736
0,7805952
0,7119872
0,7349248
0,7884288
0,8450048
0,10269696
0,10565120
0,11956736
0,14677504
0,16857088
0,19993600
0,21628928
0,22323200
0,22810112
0,22367232
0,21954048
0,20232192
0,16921088
0,12772352
0,12425216
0,11580416
0,13068800
0,14961152
0,17234944
0,20887040
0,23971840
0,26458112
0,25070080
0,22393344
0,19830272
0,16017408
0,12652032
0,7004160
0,3186688
0,1413632
0,1615360
0,729600
0,549376
1,-794112
0,458240
0,1678336
0,2511360
0,3602432
0,3461632
0,5705216
0,7509504
0,8941056
0,11913728
0,12931072
0,13874688
0,15035904
0,14607872
0,15809024
0,16439808
0,17470976
0,17893888
0,17014272
0,17867776
0,19723776
0,20038144
0,21073920
0,22157312
0,23050752
0,23273984
0,22656512
0,20736000
0,20324864
0,19061760
0,17611264
0,13908992
0,11876352
0,9481216
0,8315904
0,5970432
0,3961344
0,2868224
0,2668032
0,1841664
1,-1182208
1,-4478464
1,-6717440
1,-8232960
1,-9339904
1,-11033600
1,-10575360
1,-8424448
1,-4395520
1,-1048576
0,2923008
0,4085248
0,7861760
0,9952256
0,12115968
0,12891136
0,12657152
0,13023744
0,12234240
0,12753408
0,14178816
0,15810560
0,16912896
0,18509312
0,19240448
0,18300928
0,19139584
0,18802176
0,19735552
0,20625920
0,20188672
0,19444224
0,19197440
0,4946944
0,2801664
0,1379840
1,-1105920
1,-3894784
1,-5777408
1,-5683712
1,-6976512
1,-8719872
1,-9670656
1,-10787840
1,-12539904
1,-11698688
1,-12248576
1,-12379136
1,-12611584
1,-12042752
1,-11564032
1,-12535296
1,-11567104
1,-11115520
1,-10537984
1,-9672704
1,-7944192
1,-6502912
1,-3367936
0,1112576
0,4350976
0,7411712
0,10430464
0,14524416
0,17633792
0,22020608
0,23757312
0,23903232
0,25320960
0,26277888
0,27145728
0,28527104
0,28943872
0,29334016
0,30334976
0,31102976
0,32375296
0,34111488
0,35518464
0,35938304
0,36228096
0,36430848
0,34250752
0,32849408
0,31664128
0,30011904
0,28021248
0,26897408
0,26653184
0,26853888
0,26151936
0,26457600
0,26327552
0,25402880
0,25913344
0,26108928
0,25331712
0,23288320
0,22190592
0,19719680
0,18158080
0,16274944
0,14110720
0,12286464
0,13400064
0,12381184
0,11435520
0,11537920
0,11681280
0,12233216
0,12361216
0,12516864
0,13043200
0,11426304
0,11646976
0,10587648
0,10406400
0,9828864
0,8875520
0,8600064
0,8807424
0,7263232
0,7176192
0,6258688
0,7608832
0,9832448
0,11633664
0,12862976
0,14930944
0,16478208
0,18473472
0,20314624
0,20374016
0,22085120
0,23461376
0,26299904
0,29870080
0,32984064
0,36786176
0,40034816
0,42863104
0,44881920
0,47429632
0,48452608
0,49212416
0,49137152
0,49040384
0,49440768
0,47622656
0,46805504
0,45922304
0,45288960
0,45744128
0,43750912
0,42010624
0,39746560
0,38254592
0,37174272
0,37319680
0,35754496
0,34985472
0,47549952
0,48031232
0,46798336
0,46293504
0,43685888
0,45698048
0,49154048
0,47049216
0,44555264
0,41092096
0,38195200
0,43398656
0,47150080
0,42289152
0,36281856
0,35413504
0,35336704
0,37051904
0,40048128
0,38681088
0,36739584
0,37730304
0,42293248
0,41454592
0,39723520
0,40867840
0,40564736
0,40419840
0,41482240
0,43612672
0,44219904
0,41403904
0,38792192
0,41018880
0,40678912
0,39984640
0,38417920
0,36693504
0,39534080
0,41790464
0,42366976
0,42185728
0,40884736
0,39873536
0,39635456
0,39604736
0,36712448
0,34161152
0,34552320
0,37246976
0,38594560
0,41708544
0,44409856
0,40144384
0,34775040
0,36830208
0,36901376
0,34445312
0,32975360
0,30924800
0,33076224
0,36408832
0,40028160
0,40449536
0,37835776
0,36705792
0,38076416
0,37068800
0,34630656
0,34414080
0,34164736
0,37291520
0,40022016
0,40413696
0,39363584
0,36159488
0,33260032
0,34892288
0,35674624
0,33675264
0,35551232
0,39052800
0,38562816
0,39374336
0,43534336
0,43650048
0,38071808
0,38956544
0,34476032
0,30075392
0,34139648
0,38469632
0,35600896
0,33404928
0,37477888
0,39429120
0,36941824
0,38793216
0,40078336
0,36952064
0,36173824
0,34583040
0,30770176
0,31331328
0,32775168
0,34495488
0,32572416
0,30746112
0,31325184
0,26454016
0,23151616
0,26339840
0,26490368
0,25885184
0,29861888
0,27044864
0,25415168
0,27712512
0,29761536
0,34852352
0,32505344
0,30304768
0,24648704
0,25580032
0,30313472
0,31473664
0,33020416
0,32279552
1,-6176768
1,-8504320
1,-9255424
1,-6421504
1,-1982976
0,2015744
0,5848064
0,7061504
0,6727168
0,7781376
0,9015808
0,6151680
0,6084096
0,6389248
0,4446720
0,4350976
0,5892608
0,7906816
0,11448320
0,15040512
0,17565696
0,19039232
0,20762624
0,21460992
0,20418048
0,17462272
0,17723392
0,17784832
0,16833536
0,14843392
0,9697280
0,5532160
0,4567552
0,3845632
0,2703360
1,-1229312
1,-2492928
1,-4246528
1,-6128640
1,-8054784
1,-9466880
1,-9581568
1,-11638272
1,-16142336
1,-20724224
1,-20812800
1,-20376576
1,-23047168
1,-25399808
1,-24692736
1,-21426176
1,-20939264
1,-25381888
1,-28027904
1,-28617216
1,-28568064
1,-28277760
1,-28438528
1,-28752896
1,-31690752
1,-33711104
1,-33243136
1,-31835136
1,-30405632
1,-28520960
1,-28374016
1,-27824128
1,-28902912
1,-27645952
1,-26940928
1,-25183744
1,-21992960
1,-18415616
1,-20674560
1,-23168512
1,-23636992
1,-24968192
1,-26360320
1,-24587776
1,-23437824
1,-24864768
1,-25024000
1,-24870912
1,-24050688
1,-20783616
1,-18941440
1,-17041408
1,-15091200
1,-16354816
1,-16907264
1,-16712192
1,-15420416
1,-13595648
1,-13488640
1,-10301440
1,-7174144
1,-3585024
1,-2817536
1,-2591744
1,-1839616
1,-818176
1,-1349120
1,-1414656
1,-675328
0,227328
0,645120
0,1928192
0,6057472
0,5136384
0,6109696
0,5565952
0,4184064
0,3010560
0,3096576
0,2140160
0,144384
1,-85504
1,-633344
1,-1929728
1,-3422208
1,-5069824
1,-7571456
1,-10428928
1,-12864000
1,-16034816
1,-18436608
1,-19789824
1,-21180928
1,-62942208
1,-62160896
1,-62430720
1,-61197824
1,-61546496
1,-61366784
1,-60126208
1,-58888704
1,-57012736
1,-54266880
1,-53458944
1,-51973120
1,-50416640
1,-49249792
1,-47261696
1,-47173120
1,-46595072
1,-47112704
1,-45624320
1,-42868224
1,-40977920
1,-41678336
1,-39922176
1,-38166528
1,-37137920
1,-38345728
1,-37158400
1,-38216192
1,-39223808
1,-39260672
1,-39638528
1,-40222720
1,-43191296
1,-44657664
1,-47915008
1,-48726528
1,-48177664
1,-49516032
1,-50036224
1,-50387968
1,-49381888
1,-46771200
1,-44705792
1,-43620352
1,-41268224
1,-39287296
1,-37015552
1,-36664832
1,-35636736
1,-34876416
1,-34201088
1,-31336960
1,-31044096
1,-31599616
1,-31241216
1,-31264256
1,-32820224
1,-35475456
1,-37590528
1,-40658432
1,-42895872
1,-46216192
1,-47823872
1,-49826304
1,-50136576
1,-50808832
1,-52362240
1,-55705088
1,-55779328
1,-57321984
1,-61401600
1,-64255488
1,-68570112
1,-71150080
1,-73498624
1,-74520064
1,-75131392
1,-77628416
1,-78698496
1,-80109568
1,-79668736
1,-81608704
1,-83019776
1,-84605440
1,-86249984
1,-87441920
1,-87951872
1,-88068608
1,-89718272
1,-88752128
1,-90698752
1,-90565120
1,-91844608
1,-93458944
1,-95614464
1,-96600064
1,-95302656
1,-95106560
1,-94906880
1,-94607872
1,-94009856
1,-93250560
1,-92916224
1,-93235200
1,-93502976
1,-95003136
1,-94383616
1,-95924224
1,-94006784
1,-93944320
1,-94004736
1,-94280704
1,-92804608
1,-93228544
1,-91799552
1,-89093632
1,-85003776
1,-81751552
1,-79141376
1,-75270144
1,-72460288
1,-67495424
1,-64625152
1,-60727296
1,-58677248
1,-54533632
1,-51265024
1,-49692672
0,41804288
0,42809856
0,42419200
0,43084288
0,42792960
0,44937216
0,47614976
0,46294528
0,46732288
0,44315136
0,43428352
0,44563456
0,48653824
0,50362368
0,49465856
0,48067072
0,47694336
0,48529408
0,51552256
0,52069888
0,55345152
0,56044032
0,58871808
0,62472704
0,58338304
0,58077184
0,60642304
0,60624896
0,60953600
0,57896960
0,55070208
0,55160832
0,56333824
0,58326528
0,57180672
0,53991936
0,56977920
0,60581376
0,62474752
0,62665728
0,61616128
0,63458816
0,62682112
0,60868096
0,60023296
0,60282880
0,58860544
0,56648192
0,52625408
0,47371264
0,48765440
0,51526144
0,52336640
0,49179136
0,48714752
0,48158720
0,45868032
0,42567168
0,39793152
0,37863424
0,36162560
0,34968576
0,37112320
0,38746624
0,38064128
0,42486784
0,42836480
0,42041856
0,38193664
0,33966080
0,29506560
0,28688384
0,31023104
0,30810112
0,34238464
0,37899776
0,44455936
0,47940096
0,49570816
0,50450432
0,49868288
0,46854656
0,45492736
0,46772224
0,47957504
0,48968704
0,50861056
0,54724608
0,55739392
0,58417152
0,61147136
0,60461056
0,60834816
0,60253184
0,60441088
0,61054976
0,62084608
0,62328832
0,61749248
0,63709696
0,65979904
0,64492032
0,63485952
0,60206592
0,58946560
0,59306496
0,61629952
0,59564032
0,57233920
0,55303680
0,56578560
0,57285120
0,58116608
0,56862720
0,55307264
0,53096448
0,51671040
0,48966144
0,46274560
0,44273664
0,42482688
0,38718464
0,37931008
0,37404672
0,38713856
0,37422592
0,35942912
0,39467008
1,-2923520
1,-3069952
1,-3968512
1,-4494336
1,-1775616
1,-2196480
1,-1592320
1,-2743808
1,-3728384
1,-3088384
1,-3964928
1,-5302784
1,-6773760
1,-5615104
1,-2698752
1,-2017280
1,-294400
0,1234944
0,2897408
0,4645888
0,8496128
0,11189248
0,11439616
0,11915264
0,12106752
0,10574336
0,10210304
0,10098176
0,9826304
0,9934848
0,8704000
0,5879808
0,6276608
0,4355584
0,3172352
0,1132544
0,441344
0,1079296
0,839680
1,-2459136
1,-4619776
1,-6038016
1,-5820928
1,-6129664
1,-6070784
1,-4567552
1,-2909696
1,-1969152
0,2079744
0,3672576
0,4267520
0,2439680
0,2426880
0,4421632
0,8237056
0,9324544
0,8185344
0,8513024
0,9632768
0,10931712
0,10604544
0,7811072
0,7694848
0,7862784
0,5122048
0,2133504
1,-1102848
1,-2740736
1,-4066304
1,-4856832
1,-6887424
1,-8198656
1,-6510592
1,-4492288
1,-2819584
0,734208
0,5241344
0,7782912
0,12425216
0,16441344
0,20490752
0,22405632
0,24534016
0,24040960
0,25884672
0,28197376
0,29109248
0,31301632
0,32483840
0,32625664
0,32368640
0,31329280
0,29775872
0,30300160
0,32107008
0,32389632
0,34741760
0,33222144
0,33070592
0,32945152
0,29884416
0,27270656
0,24223232
0,21485056
0,19443712
0,16522240
0,16976384
0,15785984
0,14065664
0,13159424
0,12135424
0,12814336
0,12356608
0,12659200
0,13299200
0,13164032
0,11940352
0,11879424
0,10593792
0,9409536
0,8760320
0,7548928
0,7642624
0,5922304
0,6153216
0,4959744
0,5122048
0,7219712
0,23888384
0,22824448
0,22443008
0,20189184
0,17139712
0,13935104
0,11163136
0,12836864
0,13624320
0,13545984
0,12958208
0,13511168
0,11995648
0,9455104
0,6709248
0,5868544
0,5629952
0,3971584
1,-14848
1,-3030528
1,-3969536
1,-4527616
1,-7924224
1,-12792832
1,-16837120
1,-19325952
1,-20141568
1,-19966976
1,-19689984
1,-17682432
1,-13557248
1,-10890752
1,-11547136
1,-11943424
1,-9926656
1,-6326272
1,-2040832
1,-1383936
0,2269184
0,4594688
0,7577600
0,13400576
0,21202432
0,27257856
0,29719040
0,32728064
0,41219584
0,46865408
0,50206208
0,50606080
0,52642304
0,53393920
0,55654912
0,55965184
0,59332608
0,56612864
0,52820992
0,50650624
0,48859136
0,48517120
0,44914688
0,41583616
0,37563904
0,35692032
0,33076736
0,29203968
0,25939968
0,23639040
0,20005888
0,16277504
0,15245824
0,14109184
0,12908544
0,8738816
0,7222272
0,5189632
0,8026112
0,10850304
0,14019072
0,12698112
0,13710336
0,16330240
0,17869824
0,17994240
0,20134400
0,22117376
0,21447168
0,21259264
0,16918528
0,16441344
0,19210240
0,18348032
0,18741760
0,18526720
0,17375744
0,14434816
0,11793920
0,13353472
0,13989376
0,15954432
0,18741248
0,17433600
0,18376192
0,16343552
0,23111680
0,23780864
0,25498624
0,26102784
0,27723776
0,30151168
0,32624128
0,34273280
0,34844672
0,37478912
0,39419904
0,45179904
0,45313536
0,46048256
0,46479360
0,52785664
0,55386112
0,60476928
0,63467008
0,66996224
0,67007488
0,68771328
0,70701568
0,68505088
1,-40836608
1,-43601408
1,-44180992
1,-42542592
1,-44525056
1,-47145984
1,-48128512
1,-47357440
1,-47488000
1,-47181312
1,-48511488
1,-50071552
1,-51387392
1,-53148160
1,-52455424
1,-51776000
1,-53190144
1,-54212096
1,-54002176
1,-54345728
1,-54449152
1,-54184448
1,-53763584
1,-53539328
1,-50787840
1,-51668480
1,-50547712
1,-48846848
1,-47198720
1,-47264768
1,-46368768
1,-44731392
1,-41756160
1,-41766400
1,-39284224
1,-38054912
1,-37286400
1,-35556352
1,-37191168
1,-35091456
1,-34409984
1,-32333312
1,-32300544
1,-29444096
1,-27907072
1,-26270208
1,-25218048
1,-27165696
1,-28276224
1,-29330944
1,-30661632
1,-31269888
1,-32949760
1,-34897920
1,-37511680
1,-39209984
1,-39047168
1,-39925248
1,-41974272
1,-43708416
1,-45521408
1,-44165120
1,-46033408
1,-46994944
1,-49651712
1,-48843776
1,-50694144
1,-51573248
1,-53492736
1,-57352704
1,-59544576
1,-60024320
1,-58516992
1,-58047488
1,-57969152
1,-57601536
1,-56857088
1,-57345536
1,-56841728
1,-58221568
1,-55815680
1,-56829440
1,-57954816
1,-59459072
1,-60740608
1,-60423680
1,-57296384
1,-56621568
1,-56043520
1,-54548480
1,-54960128
1,-53626880
1,-54105600
1,-53149184
1,-53983744
1,-54785536
1,-53094912
1,-52395008
1,-49458688
1,-47564800
1,-47760384
1,-46187520
1,-44520960
1,-40693248
1,-38832640
1,-35629056
1,-31926784
1,-30227456
1,-26643456
1,-27149312
1,-26339840
1,-25149952
1,-25650176
1,-22894592
1,-22031360
1,-21856256
1,-20059136
1,-19957248
1,-17403392
1,-13890048
1,-14306304
1,-13867008
1,-14706176
1,-12599296
1,-12908544
1,-10984960
1,-9425920
1,-5260800
1,-28189184
1,-30703616
1,-34135552
1,-33766912
1,-36538880
1,-35737600
1,-34626048
1,-35147264
1,-32944128
1,-32524288
1,-30849536
1,-26225152
1,-23821824
1,-27491840
1,-28626944
1,-28577280
1,-28095488
1,-27838976
1,-26835456
1,-29312512
1,-31709184
1,-31771648
1,-31606784
1,-30814208
1,-28075008
1,-25180160
1,-27737600
1,-25275904
1,-25838080
1,-25112064
1,-21774848
1,-22105600
1,-24680960
1,-28891136
1,-26578432
1,-20934656
1,-20391936
1,-22577152
1,-19446272
1,-17289728
1,-17503232
1,-14953472
1,-13977600
1,-15171072
1,-17510400
1,-18653696
1,-22187520
1,-19351040
1,-13623296
1,-13208576
1,-11747328
1,-12979200
1,-8334336
1,-4074496
1,-3039232
1,-4385792
1,-4721664
1,-1545216
0,135680
0,77824
1,-1614848
0,1301504
0,5475840
0,8388608
0,4019200
0,4753408
0,10470912
0,9217536
0,10409472
0,12410880
0,12457984
0,14253568
0,12744192
0,14914560
0,14950912
0,15006208
0,18578944
0,16644096
0,14849536
0,16334848
0,15569408
0,17868800
0,19865088
0,16715264
0,12366336
0,11832832
0,13436928
0,14281728
0,19145728
0,14507520
0,8879104
0,6130176
0,7169024
0,7910912
0,10145792
0,8499200
0,9796096
0,11649024
0,9902080
0,9171968
0,8866304
0,9688064
0,5826048
0,6652416
0,5465088
0,6514688
0,3861504
0,5086720
0,4687360
0,4711936
0,10648064
0,9757184
0,10128384
0,6746624
0,2328064
0,5857280
0,8453632
0,7617024
0,3862528
1,-634368
0,1179136
0,5974528
0,3890176
0,972288
0,703488
1,-67584
0,1532928
0,3116032
0,19574272
0,13934080
0,12985344
0,20661248
0,27597824
0,24133120
0,16804864
0,15560704
0,23591424
0,28012032
0,27035648
0,22590464
0,20668928
0,23225344
0,26566656
0,26011648
0,21660160
0,16021504
0,14223360
0,14511104
0,15233024
0,10748928
0,5190144
0,6319104
0,11810304
0,16428544
0,13288960
0,13508608
0,15105024
0,17982464
0,22290432
0,28951040
0,33778176
0,34613248
0,38843392
0,40968192
0,51836928
0,64318464
0,74623488
0,78732288
0,81324544
0,89182720
0,92210688
0,99072512
0,101188608
0,105473536
0,108202496
0,111841792
0,1
