1,-6847488
1,-6540288
1,-6302208
1,-5218816
1,-4690432
1,-3909120
1,-3986944
1,-3162112
1,-3785216
1,-3425792
1,-3058688
1,-3074048
1,-2286080
1,-2635264
1,-2337792
1,-2023936
1,-1999360
1,-1503744
1,-1669120
1,-1699840
1,-1776128
1,-1879552
1,-1478656
1,-795136
1,-792064
1,-836096
1,-276480
1,-583680
1,-345088
0,209408
0,140288
1,-197120
0,89600
0,3584
0,629760
0,748032
0,1709568
0,1480704
0,689664
0,1225216
0,667136
0,1667584
0,557568
0,892416
0,1108992
0,927744
0,927232
0,607232
0,1401344
0,1161216
0,977920
0,356352
0,614912
0,1233408
0,1165312
0,1158656
0,1806848
0,2076160
0,1785344
0,2193920
0,1919488
0,2106880
0,2118656
0,2451968
0,2727936
0,2871296
0,3472384
0,3044352
0,3486208
0,4370944
0,4232704
0,4099072
0,3751424
0,4462080
0,3697152
0,4059648
0,4252672
0,5109760
0,4778496
0,5113344
0,5707264
0,5272064
0,5339136
0,3959296
0,4698112
0,4718080
0,5388800
0,5044736
0,5159424
0,5088768
0,5099520
0,5501952
0,5425664
0,4944384
0,4984832
0,4850688
0,4998656
0,5114880
0,5339136
0,5275136
0,4839936
0,5340160
0,4867072
0,4098560
0,4089856
0,3522560
0,3485184
0,3640320
0,3662336
0,4108288
0,3589120
0,3502592
0,3211264
0,2845184
0,2592768
0,1011200
0,1595392
0,1346560
0,1265664
0,1221120
0,607744
0,1392128
0,1252864
0,57856
0,486912
0,65536
0,15815168
0,15895040
0,15044096
0,15734784
0,14551040
0,14798336
0,14923264
0,14299136
0,14907392
0,15596032
0,15795712
0,15430144
0,15280640
0,15645184
0,15522304
0,15796736
0,15037952
0,14757888
0,15246336
0,15582208
0,16148992
0,15617024
0,16448512
0,15902720
0,15623168
0,15620608
0,15127040
0,15861760
0,14950400
0,15478784
0,15105024
0,14882816
0,14925312
0,14307840
0,13899264
0,13485056
0,12789248
0,12899328
0,11948544
0,11529216
0,11073536
0,12085248
0,10731008
0,10791936
0,10467840
0,10117632
0,9470976
0,8079872
0,7740928
0,6704128
0,6843392
0,7363072
0,6055936
0,6344704
0,6447104
0,5433344
0,4947968
0,4167168
0,3593728
0,2801664
0,1701888
0,1522176
0,1248768
0,1018880
1,-111616
1,-263680
1,-553472
1,-916992
1,-2226176
1,-2066944
1,-2732032
1,-2850304
1,-3184640
1,-3994112
1,-3476992
1,-4281856
1,-4901376
1,-4927488
1,-5596672
1,-5775872
1,-5274112
1,-6065152
1,-6097920
1,-6538240
1,-6605824
1,-6080000
1,-5703680
1,-5476352
1,-6020608
1,-5221376
1,-5847040
1,-5683712
1,-5543424
1,-5702144
1,-5853696
1,-5131264
1,-5005824
1,-4726272
1,-4311040
1,-4078592
1,-4238848
1,-4512256
1,-4260352
1,-3628544
1,-4115456
1,-3180544
1,-3181568
1,-2840064
1,-2101248
1,-2875904
1,-2055680
1,-2022912
1,-2221056
1,-1994240
1,-2204160
1,-1877504
1,-2022400
1,-1392640
1,-852480
1,-422912
1,-124416
0,268288
1,-121856
0,1162240
0,1424896
0,1556992
0,1531904
0,2297856
0,8199680
0,8137216
0,8584704
0,8026112
0,7878144
0,7932416
0,7297024
0,8510464
0,7171072
0,7310336
0,7966208
0,7448576
0,7990784
0,7974912
0,7403008
0,8012288
0,7867904
0,7374848
0,7233536
0,7020544
0,7503360
0,7436288
0,8300544
0,8384512
0,8107520
0,8081408
0,8595456
0,7591936
0,7744000
0,8045568
0,7367680
0,7568384
0,7844864
0,8057856
0,8194560
0,8028160
0,8250880
0,8386048
0,7932928
0,8321024
0,7501312
0,7910912
0,8807936
0,8413184
0,8824832
0,8574464
0,8029696
0,8276480
0,8550400
0,8142336
0,8180736
0,7844352
0,8348672
0,9108992
0,8700928
0,9319424
0,9590272
0,9343488
0,9520128
0,9562112
0,9451520
0,8979968
0,9921536
0,10133504
0,10447872
0,11021312
0,10985472
0,10816000
0,11079168
0,11167232
0,11543040
0,11451904
0,11282944
0,10942464
0,11768832
0,12889088
0,12303360
0,13061632
0,13433856
0,12976128
0,13499904
0,13550592
0,12707840
0,13499392
0,13608960
0,14191616
0,15126528
0,15083520
0,15236096
0,16124928
0,15775744
0,16235520
0,16001536
0,16167936
0,16479744
0,16729600
0,16548352
0,16909824
0,18124288
0,17915904
0,17570816
0,18019328
0,17248768
0,17730048
0,17620992
0,17768448
0,17698816
0,18564096
0,18521600
0,18728960
0,18691072
0,18497536
0,19027456
0,18484224
0,17978880
0,18456064
0,18963968
0,18286592
0,20221952
0,19710464
0,20230144
0,20303872
0,19476992
0,19512320
0,19087360
0,18440704
0,18757632
0,18536960
0,20348928
0,21001728
0,21260800
0,21540864
0,21412352
0,21000192
0,21137920
0,20247040
0,19965440
0,19810304
0,20350464
0,19881984
0,20528640
0,20544512
0,20244992
0,20292608
0,20369408
0,19413504
0,18654720
0,18964480
0,19399680
0,18629632
0,19269632
0,20039168
0,20294144
0,20728832
0,19703808
0,20032512
0,19254272
0,19276288
0,19526144
0,18906112
0,19334656
0,20143616
0,19591168
0,20327936
0,19495424
0,19872768
0,18910208
0,19230208
0,19260928
0,18806272
0,18864128
0,20277760
0,20004352
0,19988480
0,20158464
0,20724736
0,20492288
0,20418560
0,19398656
0,20193280
0,19251200
0,20116992
0,19179520
0,20343808
0,20260352
0,20499456
0,19941888
0,20207104
0,19382272
0,18939392
0,18679296
0,18864640
0,18483200
0,18684928
0,19145216
0,18969600
0,20209152
0,19718656
0,19172352
0,18856960
0,18768384
0,18729472
0,17741312
0,18701312
0,19389952
0,19602432
0,19051008
0,18636800
0,19568640
0,18744320
0,18455552
0,17445888
0,17225728
0,16763904
0,17501696
0,18376704
0,17636352
0,17967104
0,18435584
0,16908800
0,16806912
0,16692224
0,16429568
0,16803840
0,15995392
0,17196032
0,17525760
0,17964544
0,16633856
0,16838144
0,17015296
0,16824320
0,15862272
0,15493120
0,14730240
0,14940160
0,15732736
0,15568896
0,15353856
0,15579648
0,15249920
0,14627328
0,13728768
0,13651456
0,13268480
0,13143040
0,13266944
0,13657600
0,14273536
0,14795776
0,14322688
0,14241280
0,14468096
0,14246400
0,13899776
0,13442560
1,-9131520
1,-9549312
1,-10276352
1,-9878528
1,-9158656
1,-9907712
1,-9385472
1,-9708032
1,-10583552
1,-10600960
1,-11010048
1,-10872832
1,-11402752
1,-11428864
1,-11646464
1,-11414016
1,-11045888
1,-11369472
1,-11143680
1,-11463168
1,-12403712
1,-12722688
1,-12293632
1,-12513280
1,-13428224
1,-12682752
1,-12918272
1,-13057024
1,-13030912
1,-12939776
1,-14014464
1,-14380544
1,-14732288
1,-14498816
1,-14394880
1,-14190592
1,-14196736
1,-14097920
1,-13756416
1,-14697472
1,-14970880
1,-14812160
1,-15264256
1,-16649728
1,-16325120
1,-16415232
1,-16451072
1,-16291840
1,-15525888
1,-15413248
1,-15083008
1,-15789056
1,-15337984
1,-16221184
1,-15621632
1,-15593472
1,-16194048
1,-15586816
1,-15783936
1,-15529472
1,-15785472
1,-15904256
1,-16676864
1,-16559616
1,-17242624
1,-17184768
1,-16999424
1,-18133504
1,-17389568
1,-17803776
1,-17131008
1,-17468928
1,-17044480
1,-18201600
1,-18728960
1,-17338880
1,-19083264
1,-18589696
1,-18657792
1,-18260992
1,-18244608
1,-18156032
1,-18568704
1,-18871808
1,-18949120
1,-19166208
1,-18589696
1,-19552768
1,-19087360
1,-19523584
1,-18630656
1,-19367936
1,-18902016
1,-18293760
1,-18531840
1,-18840576
1,-19393536
1,-19212800
1,-19714048
1,-19112960
1,-18026496
1,-18895360
1,-17754624
1,-17937408
1,-18305536
1,-17724928
1,-18693120
1,-18205696
1,-18119168
1,-17678336
1,-17942016
1,-17940480
1,-17600000
1,-17220608
1,-18361856
1,-17870336
1,-18509312
1,-18016256
1,-17989632
1,-18263552
1,-18066944
1,-18213888
1,-17103872
1,-17096192
1,-16834560
1,-16654848
1,-16763392
1,-17222656
0,12276224
0,12318208
0,11856896
0,11528192
0,10629632
0,10300416
0,10405888
0,11054592
0,10988032
0,12302336
0,11212288
0,11358208
0,10598400
0,10196992
0,9684992
0,9462784
0,9203712
0,9888256
0,9942528
0,9537024
0,9266688
0,9939456
0,9522688
0,9125888
0,8667136
0,7791616
0,7458816
0,7566848
0,7505920
0,7142912
0,8164864
0,8235520
0,7641088
0,7406080
0,7907840
0,7397888
0,6764032
0,7187456
0,6665216
0,6805504
0,7106048
0,7507968
0,7281152
0,7813632
0,7238656
0,7129088
0,6881792
0,6479872
0,5153280
0,5503488
0,6089728
0,6360064
0,6446080
0,6913024
0,5702656
0,5974016
0,5621248
0,5254656
0,5454848
0,4532224
0,5191680
0,4811776
0,5211648
0,5018112
0,5400064
0,4675584
0,4540928
0,3917312
0,3393536
0,3633664
0,3567104
0,2843648
0,3414528
0,3665408
0,3898880
0,3791872
0,3174912
0,2939904
0,2515968
0,1769472
0,1626624
0,1411072
0,1893888
0,1616384
0,1629696
0,2201600
0,1992704
0,2214400
0,1046528
0,1086976
0,1061376
0,448000
0,233472
0,359936
0,581632
0,1494528
0,1013248
0,1260544
0,499712
0,309248
1,-696320
0,175104
1,-820736
1,-89088
0,439296
1,-106496
1,-3072
0,273920
1,-5632
1,-373760
1,-420352
1,-1193984
1,-1118208
1,-1497600
1,-1889792
1,-1340928
1,-699904
1,-930304
1,-886272
1,-1021440
1,-1552384
1,-1721856
1,-1978368
1,-1678336
1,-2233344
1,-2209792
1,-2426880
1,-2808832
0,6812672
0,7179264
0,6411776
0,6528512
0,6869504
0,6218752
0,7564800
0,6943232
0,7509504
0,6753792
0,6578176
0,7203328
0,5798400
0,6466048
0,4955136
0,5911040
0,6047232
0,6647808
0,6286336
0,6625280
0,5954048
0,5578752
0,5359104
0,5550080
0,4910080
0,4611584
0,4775424
0,5087744
0,5187584
0,5731328
0,6068736
0,5626880
0,5685760
0,4588032
0,4335616
0,3692032
0,3080704
0,3599360
0,3745280
0,4762112
0,4856320
0,4585472
0,4595200
0,4597248
0,4274688
0,3561472
0,3411456
0,3302912
0,2920448
0,3568640
0,3128832
0,3822592
0,2954752
0,3360256
0,2862080
0,2020352
0,2281984
0,1891840
0,2029056
0,2079744
0,2209792
0,2140672
0,2245120
0,2565632
0,2102784
0,2194432
0,1121792
0,999424
1,-25600
0,510976
0,819712
0,471040
0,845824
0,453120
0,561152
1,-369152
0,170496
1,-370688
1,-619008
1,-1029632
1,-1476096
1,-937472
1,-896512
1,-781824
1,-837120
1,-1385984
1,-1121792
1,-1691648
1,-2366464
1,-2986496
1,-2088448
1,-2487808
1,-2538496
1,-2013184
1,-2038272
1,-2228736
1,-2025472
1,-1605632
1,-1554944
1,-1718784
1,-2458624
1,-3021824
1,-3168256
1,-2598400
1,-3079168
1,-3007488
1,-2696192
1,-2912768
1,-3143168
1,-4247552
1,-3224064
1,-4517376
1,-5617664
1,-5091328
1,-5393920
1,-5076992
1,-5054464
1,-5723648
1,-5204480
1,-4429312
1,-5380608
1,-6108672
1,-5601792
1,-6726656
1,-6472704
1,-6118912
1,-6152704
1,-5665280
1,-45056
1,-499200
0,788480
0,138240
0,976896
0,189440
0,1107968
0,1795584
0,1929216
0,2217984
0,2051072
0,2504192
0,2695168
0,2302464
0,2456064
0,2823680
0,1746944
0,2352640
0,3217920
0,3107840
0,3003904
0,3262976
0,2927616
0,2983936
0,2804224
0,3408384
0,3887104
0,4439040
0,3973120
0,4320768
0,4121088
0,4159488
0,3508736
0,3288064
0,3224064
0,3706368
0,4202496
0,4547072
0,4305408
0,5537792
0,5256192
0,4862464
0,4621824
0,4632064
0,4348928
0,4390912
0,5065728
0,5851648
0,5519360
0,6141440
0,6929408
0,6563840
0,6017024
0,5806592
0,5676032
0,5769216
0,5537792
0,6468608
0,6219264
0,7038464
0,7927296
0,7944192
0,7653376
0,7507968
0,7006720
0,7572992
0,6416896
0,7609856
0,7642112
0,8385536
0,8358912
0,9220608
0,9346048
0,9820672
0,9281536
0,8782336
0,9111552
0,9163776
0,8722944
0,9209344
0,9744896
0,9941504
0,10091520
0,10274816
0,10345984
0,9770496
0,10067456
0,9047040
0,9871360
0,9845248
0,10420736
0,10330112
0,11332096
0,11287040
0,10590720
0,10381824
0,10160128
0,9971200
0,9145344
0,9924096
0,10191872
0,9608192
0,10556928
0,10785792
0,10761728
0,10590208
0,10210816
0,10076160
0,9929216
0,9156608
0,9238528
0,9835520
0,9794048
0,10594304
0,10384896
0,10489344
0,10599936
0,9690112
0,9713664
0,9412096
0,8886272
0,9162752
0,9541632
0,9800192
0,10584064
0,9387008
0,9561600
0,9772032
1,-10321408
1,-10543616
1,-10358272
1,-9582592
1,-9699328
1,-9243136
1,-8519680
1,-9238016
1,-8677888
1,-9103360
1,-9785856
1,-8968704
1,-8997376
1,-8570880
1,-9412096
1,-9654784
1,-8161792
1,-9012736
1,-7948800
1,-8802816
1,-8015872
1,-8154624
1,-8158208
1,-8411648
1,-8364544
1,-7073792
1,-6994944
1,-7327232
1,-6827520
1,-6865408
1,-7342080
1,-7508992
1,-6597632
1,-7677440
1,-7290880
1,-7370752
1,-6619136
1,-6519296
1,-6153216
1,-6658560
1,-6878208
1,-6536192
1,-7324672
1,-7174656
1,-7284224
1,-6702080
1,-6904832
1,-6301696
1,-6152704
1,-6100992
1,-5685760
1,-5409792
1,-5861888
1,-6107648
1,-5919232
1,-6517760
1,-6008320
1,-5922304
1,-6038528
1,-5435392
1,-5468672
1,-6004736
1,-5636608
1,-5443072
1,-5924864
1,-6099968
1,-6319104
1,-6500864
1,-5539328
1,-5616128
1,-5143552
1,-4631040
1,-4507136
1,-5045248
1,-4958208
1,-5540352
1,-5074432
1,-4810752
1,-4227072
1,-4472832
1,-3824128
1,-4010496
1,-4161024
1,-4124160
1,-4118016
1,-3949568
1,-3718656
1,-5371904
1,-3574784
1,-3781120
1,-2818560
1,-2662400
1,-1515008
1,-1852928
1,-1912320
1,-1674240
1,-1373184
1,-1739776
1,-1650176
1,-1881088
1,-1777664
1,-974336
1,-949248
0,141312
1,-719872
1,-610816
1,-501248
1,-601088
1,-674304
1,-793088
1,-306688
1,-287232
0,426496
0,634880
0,939520
0,1364992
0,625152
0,1145856
0,23040
1,-238592
0,805376
0,988160
0,1537536
0,1814528
0,2190336
0,1763840
0,2271232
0,1439232
0,3628544
0,2283008
0,2961408
0,4963840
0,6580224
0,9436672
0,9494528
0,8611840
0,8664576
0,9352192
0,9903104
0,9577984
0,8480768
0,8130048
0,8562176
0,9116672
0,6998528
0,6918144
0,7246848
0,6611456
0,4783104
0,4283904
0,4339200
0,3601920
0,3894272
0,3285504
0,1742848
0,2216448
0,1366528
0,1832960
0,1073664
0,648192
0,18432
1,-643072
1,-657408
0,843776
0,2090496
0,2483200
0,3640320
0,4182528
0,4584448
0,4903936
0,6259200
0,5550080
0,4953600
0,4350464
0,3894784
0,3262464
0,1543680
0,1688064
0,1027072
0,857600
1,-389632
1,-892416
1,-612352
1,-419328
1,-1495040
1,-1675264
1,-1623040
1,-560128
1,-477184
1,-2078720
1,-4136960
1,-4398080
1,-3880960
1,-3685376
1,-2810880
1,-1214464
1,-466944
1,-123392
0,1172992
1,-2349056
1,-2009088
1,-2714624
1,-2958848
1,-1772544
1,-2717696
1,-3472384
1,-1740288
1,-1126400
0,1509888
0,577536
1,-454656
1,-2842112
1,-3817984
1,-2851328
1,-3083776
1,-509440
1,-918528
0,407552
0,2189824
0,1871360
0,3875328
0,1828864
0,2237952
0,1853440
1,-510464
1,-2141184
1,-1790464
1,-1434112
1,-380928
1,-1844736
1,-1396224
1,-265728
1,-58368
0,357376
1,-686592
1,-3511808
1,-4528128
1,-6841856
1,-6046208
1,-6305280
1,-6092288
1,-6289408
1,-5958144
1,-5200896
1,-7873024
1,-7116288
1,-7675392
1,-5501440
1,-6742528
1,-6537216
1,-5880832
1,-5597184
1,-6629888
1,-5278720
1,-6842880
1,-7743488
1,-4356096
1,-4233728
1,-2944000
1,-3060736
1,-3185152
1,-3133952
1,-3760128
1,-3584000
1,-2342400
1,-5561344
1,-3931648
1,-1435136
1,-4809216
1,-4762624
1,-2692096
1,-3399680
1,-3253248
1,-3856896
1,-5168640
1,-3218432
1,-2759680
1,-4334592
1,-5045760
1,-5118464
1,-3575296
1,-4164096
1,-2749440
1,-2048000
1,-3683840
1,-3301376
1,-2808320
1,-1525248
1,-3827200
1,-3654656
1,-2555904
1,-3677184
1,-2719232
1,-1497600
1,-3839488
1,-4097536
1,-2700288
1,-3776512
1,-2894336
1,-3896320
1,-4837888
1,-3208192
1,-4603392
1,-3986944
1,-2480128
1,-3395584
1,-2393088
1,-2990592
1,-3578880
1,-3744768
1,-4001792
1,-3475456
1,-4141568
1,-3639296
1,-1872896
1,-2861568
1,-3855360
1,-2198528
1,-1771520
1,-2109952
1,-3821056
1,-3012096
1,-2214912
1,-3942912
1,-2815488
1,-1152000
1,-744960
1,-1583104
1,-1506816
1,-1100800
1,-1638912
1,-2032640
1,-2823168
1,-2653184
1,-1789440
1,-3124224
1,-2066944
1,-2143744
1,-2159616
1,-2909184
1,-402944
1,-2365952
1,-2275840
1,-2755584
1,-3974656
1,-1724928
1,-1150976
1,-2619904
1,-2006016
1,-1822720
1,-1512448
1,-1834496
1,-3594752
1,-3956224
1,-4280832
1,-4034048
1,-4090368
1,-4307968
1,-2780160
1,-4150272
1,-3083264
1,-2799104
1,-4254720
1,-4666880
1,-4653568
1,-3100672
1,-4210688
1,-5160960
1,-4997632
1,-4168192
1,-5258240
1,-6066176
1,-6034944
1,-6959104
1,-7204864
1,-6684160
1,-7319040
1,-6288896
1,-6005248
1,-6212608
1,-6429184
1,-6090240
1,-6863360
1,-6589952
0,9586688
0,9982976
0,10451968
0,10353664
0,11028480
0,12905984
0,12145152
0,11483136
0,11865088
0,10846720
0,10579456
0,9705984
0,8467968
0,7877632
0,8408064
0,7723520
0,7330304
0,7277056
0,6803968
0,5950464
0,4706816
0,4373504
0,3049472
0,3448320
0,3208192
0,3931136
0,4065792
0,3799040
0,4545024
0,3363328
0,4229120
0,3034624
0,2211840
0,1644032
0,1469440
0,707072
0,1410048
0,1645568
0,240640
0,220672
1,-988160
1,-1939456
1,-2270208
1,-2252800
1,-2540544
1,-3646976
1,-3787264
1,-3041792
1,-2626048
1,-2881536
1,-2034176
1,-2606080
1,-1715712
1,-1505792
1,-1929216
1,-1216000
1,-1104896
1,-1020416
0,451584
0,277504
0,1318912
0,2167296
0,2129408
0,2693632
0,2908672
0,2427904
0,3884032
0,3563008
0,2578944
0,2868224
0,3209728
0,4541440
0,4846592
0,5745664
0,5270016
0,5861376
0,5797888
0,5436928
0,5908480
0,6599680
0,7431168
0,7121920
0,7333376
0,7842304
0,7674368
0,7717376
0,7767040
0,6797824
0,7449600
0,7265792
0,6927872
0,7514112
0,8005120
0,8532992
0,7614464
0,6730752
0,6227968
0,5703168
0,6144000
0,5029888
0,4663296
0,5467648
0,4307968
0,4772352
0,4796928
0,4873728
0,4077056
0,3222528
0,1898496
0,2695680
0,1547776
0,968704
0,2807296
0,2153472
0,1752064
0,1203200
0,157696
1,-727552
1,-1174528
1,-1787392
1,-2869760
1,-2617856
1,-2419712
1,-2394624
1,-2153472
1,-2471936
1,-3602432
1,-3284992
0,5686784
0,4658176
0,4861952
0,5692416
0,6465024
0,6527488
0,5583360
0,4089344
0,3190784
0,3124224
0,3150848
0,3550720
0,4352512
0,3610624
0,4003328
0,4844032
0,4718080
0,4028928
0,2796544
0,2162176
0,1437184
0,1029632
0,2030592
0,1637376
0,2185216
0,2346496
0,2454016
0,1861632
0,995840
1,-353792
0,803328
0,1985024
0,703488
1,-1397248
1,-97792
0,796160
0,1175040
0,1081856
0,976896
0,860672
1,-193536
1,-809472
1,-935936
0,200704
0,744448
1,-82432
1,-625152
0,745472
0,537600
0,15360
1,-2255360
1,-2771456
1,-314880
1,-13312
1,-2129920
1,-3099648
1,-2293760
1,-559616
1,-1537536
1,-864768
1,-1795584
1,-3210752
1,-3659264
1,-2588672
1,-2293760
1,-3170816
1,-4525568
1,-5535744
1,-4206592
1,-5147136
1,-4795392
1,-4386304
1,-5915648
1,-5719040
1,-5819392
1,-5911552
1,-5843968
1,-6572032
1,-7433728
1,-6006272
1,-7031808
1,-8030720
1,-7874560
1,-8092160
1,-8816128
1,-7520768
1,-5931520
1,-6599680
1,-6796288
1,-7937024
1,-8180736
1,-8077312
1,-7417344
1,-7334400
1,-7153664
1,-7984128
1,-9501696
1,-8912384
1,-8857088
1,-8628736
1,-7878656
1,-7698432
1,-7781376
1,-9291776
1,-9640960
1,-8621056
1,-7954944
1,-7899136
1,-9419264
1,-10700288
1,-10284032
1,-8997376
1,-8104448
1,-10122240
1,-10205184
1,-10244096
1,-10956800
1,-11192832
1,-11851776
1,-12824064
1,-13028352
1,-13863424
1,-14800384
1,-15611392
1,-15029760
1,-15713792
1,-13222400
1,-13773824
0,17800192
0,16536576
0,15984640
0,15176704
0,14219776
0,13093376
0,11758080
0,11227136
0,9683968
0,8638976
0,7814656
0,8571392
0,7824896
0,9145344
0,9090048
0,9095680
0,9732608
0,9500672
0,9822208
0,9754112
0,10124800
0,10304000
0,10555904
0,10837504
0,11347968
0,12306432
0,12433408
0,13082112
0,11934720
0,12685312
0,11791360
0,12028416
0,12376576
0,12726272
0,13886464
0,14045184
0,14514176
0,14727680
0,15328256
0,15816704
0,15516672
0,16956928
0,17324544
0,18651136
0,18746880
0,20454912
0,20439552
0,21816320
0,22307328
0,21840384
0,22160384
0,22189568
0,22921728
0,22704640
0,22665216
0,23584768
0,23892992
0,24758272
0,24480768
0,24585728
0,24546816
0,24659968
0,24602112
0,24204288
0,24998912
0,25111552
0,25449984
0,25655808
0,25134592
0,25792000
0,24590336
0,24045056
0,24559104
0,23814656
0,23338496
0,24294400
0,24311296
0,23606272
0,24377344
0,24509952
0,24160768
0,23816704
0,22287872
0,22869504
0,21866496
0,21635072
0,21186560
0,21584896
0,20964864
0,21240320
0,21031936
0,20277248
0,19986944
0,19605504
0,18171904
0,18097664
0,17185792
0,17493504
0,16446464
0,16824832
0,16904192
0,16452096
0,16912896
0,16111104
0,15774208
0,14859776
0,15694336
0,14787584
0,16083456
0,15781888
0,16674304
0,16747008
0,15369216
0,16273408
0,15469568
0,15118336
0,15179776
0,13964800
0,14379520
0,14507008
0,14307840
0,13913600
0,13985280
0,13958144
0,14041088
0,12690432
0,12298752
0,12286464
1,-15813120
1,-16565248
1,-15902208
1,-16520192
1,-16879104
1,-16589824
1,-15980544
1,-16296960
1,-17297408
1,-16605696
1,-17859072
1,-17959936
1,-18376192
1,-18895360
1,-19065344
1,-18525696
1,-18405888
1,-18342912
1,-18863104
1,-19662336
1,-19313152
1,-19637760
1,-19270144
1,-19680768
1,-19549184
1,-20047872
1,-20078592
1,-19426304
1,-20386816
1,-20138496
1,-20227072
1,-20580864
1,-20648448
1,-20915712
1,-21173248
1,-20656128
1,-21604352
1,-20574720
1,-21138432
1,-21557248
1,-21255680
1,-22153216
1,-22592512
1,-22861824
1,-23071744
1,-23118336
1,-23774720
1,-23726080
1,-23812096
1,-23458304
1,-24456704
1,-24324608
1,-23533056
1,-23974912
1,-24578560
1,-25056256
1,-24151552
1,-24058368
1,-24075776
1,-23532032
1,-23402496
1,-23291904
1,-23828480
1,-24044544
1,-24011776
1,-23984640
1,-24094208
1,-24433152
1,-23672832
1,-24386048
1,-23984128
1,-23893504
1,-23461888
1,-24791040
1,-24435200
1,-25601024
1,-25645568
1,-24856064
1,-25029120
1,-24224256
1,-24210432
1,-24282624
1,-24248320
1,-23860224
1,-24815616
1,-25444864
1,-25044480
1,-25408512
1,-25255936
1,-25577472
1,-24709120
1,-24839680
1,-25709056
1,-25894912
1,-25946624
1,-26357248
1,-26839040
1,-27245568
1,-27211776
1,-27150336
1,-26084352
1,-25913344
1,-26882560
1,-26221056
1,-26780160
1,-26092032
1,-26387456
1,-26486784
1,-26261504
1,-26508288
1,-25490944
1,-26234880
1,-25552896
1,-25548288
1,-26937856
1,-25930240
1,-26371072
1,-26989056
1,-27268096
1,-25934848
1,-26299392
1,-25235456
1,-25418752
1,-25767424
1,-24603648
1,-24198656
1,-24645632
1,-24697344
0,9501184
0,9774080
0,9025024
0,10046976
0,10287616
0,9816576
0,9908224
0,9768960
0,9361920
0,10175488
0,10533888
0,9527296
0,11179520
0,11143168
0,11913728
0,11000320
0,11354624
0,10919936
0,10874880
0,10828288
0,11172864
0,11965440
0,11575808
0,12007936
0,11907584
0,12201472
0,11068928
0,10818560
0,10879488
0,9506816
0,10044416
0,10256384
0,9876480
0,11053056
0,11278336
0,11960832
0,11646976
0,11799552
0,11201024
0,11786240
0,11483648
0,10989568
0,11081728
0,11599872
0,12026880
0,11727872
0,12543488
0,12025344
0,11503104
0,12042240
0,11004928
0,11056640
0,11822592
0,11691008
0,11934720
0,12369920
0,12362752
0,13353472
0,12740608
0,12990976
0,12785152
0,12985856
0,14047232
0,13685760
0,14134784
0,14291968
0,14960640
0,15374336
0,15173632
0,14925824
0,15232000
0,14936576
0,15170560
0,14962176
0,15223296
0,14992896
0,14653440
0,15397376
0,15655424
0,15802368
0,15241728
0,15071232
0,15293952
0,14727168
0,15700480
0,14965248
0,15784960
0,16079872
0,15638528
0,16417280
0,15289856
0,16055296
0,15204352
0,14863872
0,15158272
0,14359040
0,14389760
0,14979072
0,14901248
0,14540288
0,15335936
0,14069760
0,13595648
0,13804544
0,13432320
0,12964864
0,12415488
0,12776448
0,12956160
0,13126144
0,12994048
0,13654016
0,13382656
0,12888064
0,12706304
0,12782080
0,12559872
0,12251648
0,11845632
0,12156928
0,12250624
0,12909056
0,12659712
0,11690496
0,12378112
0,11758080
0,11314688
0,11363328
0,16178688
0,16329728
0,16562688
0,16135168
0,16443904
0,16573440
0,16446464
0,17001984
0,16479232
0,17248768
0,17175552
0,17822208
0,16812544
0,16963072
0,17405952
0,17514496
0,16537088
0,16835584
0,16735232
0,16996864
0,17421824
0,17087488
0,15286272
0,15887872
0,16227840
0,16569856
0,16058368
0,15762944
0,15740928
0,15709696
0,16338432
0,14351360
0,15823360
0,15542272
0,16596480
0,15681536
0,15693824
0,15615488
0,15199744
0,14770176
0,16030720
0,15532544
0,14027776
0,16072192
0,14312448
0,15788544
0,14782976
0,16935936
0,15776256
0,15284224
0,15337984
0,14998528
0,14516736
0,12715520
0,12716032
0,12433408
0,12597760
0,12118016
0,12403712
0,13127680
0,13124608
0,12078080
0,11554816
0,10865664
0,11228160
0,10987520
0,11518976
0,10150400
0,10392064
0,10354688
0,9860608
0,10105344
0,9543680
0,9222144
0,8420352
0,8924160
0,8392192
0,7810048
0,8180224
0,8943104
0,8354816
0,7052288
0,7611904
0,7720448
0,7313408
0,5974016
0,6286336
0,5559296
0,6432256
0,7111680
0,7394816
0,6950400
0,6146560
0,6163456
0,6512128
0,5792768
0,5862400
0,5711360
0,6318592
0,5697024
0,5152256
0,5705728
0,4903936
0,4665856
0,5240320
0,6375936
0,5841920
0,5689344
0,6265856
0,6539264
0,6799360
0,7176704
0,6615552
0,6810624
0,6559232
0,5960704
0,4734976
0,5105152
0,3727872
0,5481984
0,4375552
0,4256256
0,4382208
0,5289984
0,6254080
0,5035008
0,6598144
0,5800448
1,-1331712
1,-1178112
1,-1727488
1,-2105856
1,-1309184
1,-920064
1,-1503744
1,-1302528
1,-1958912
1,-1957376
1,-2610176
1,-1627136
1,-1048064
1,-1580032
1,-1131520
1,-2380800
1,-1244672
1,-1297408
1,-1887232
1,-2052096
1,-1918464
1,-1169920
1,-2157568
1,-1667584
1,-1702400
1,-1306624
1,-1123328
1,-1516544
1,-737792
1,-764928
1,-1245184
1,-1004544
1,-1214976
0,41472
1,-288768
1,-736256
0,282624
0,1158656
0,765440
0,1105408
0,1359872
0,1348096
0,758784
0,670208
0,602112
0,574464
0,1088000
0,1355776
0,864768
0,1119232
0,860160
0,3072
0,591360
0,207872
0,945664
0,790016
0,551936
0,1103872
0,374784
0,1021952
0,369664
0,640000
0,736768
0,363520
0,656384
0,835072
0,818688
0,179712
0,400384
1,-53760
0,454144
0,1228800
0,274944
1,-144896
0,18432
1,-253952
0,15872
0,223232
0,645120
0,754176
0,796672
0,220160
1,-532480
1,-717824
1,-207872
1,-71168
1,-400896
0,402432
0,210432
0,166400
0,12800
0,48128
0,96768
0,93696
1,-501760
1,-454144
1,-1006592
1,-601088
1,-312832
1,-611328
1,-837120
1,-870400
1,-1462784
1,-1145856
1,-1050112
1,-1060352
1,-1203712
1,-1565696
1,-1592832
1,-1427456
1,-1674240
1,-1130496
1,-1605120
1,-1391104
1,-1962496
1,-1709056
1,-1873920
1,-2057728
1,-2352128
1,-1139200
1,-1739264
1,-1996288
1,-1449984
1,-1145344
1,-2316288
1,-2445312
1,-2695168
1,-3145728
1,-20895232
1,-19619840
1,-19482112
1,-18610176
1,-20442624
1,-18684416
1,-18447360
1,-18242560
1,-17391104
1,-18606592
1,-16680960
1,-16172032
1,-15558656
1,-15199232
1,-14495232
1,-13018112
1,-12966400
1,-11442688
1,-9724928
1,-7717376
1,-6427648
1,-3477504
1,-1600512
1,-291328
0,3680256
0,4325888
0,7738880
0,9925632
0,12467712
0,15495680
0,17480704
0,20773376
0,23182848
0,26466816
0,28444672
0,30009856
0,32561664
0,34877440
0,37942784
0,39221248
0,41063936
0,42516480
0,44670976
0,46341120
0,46786048
0,48589312
0,49503232
0,50167296
0,50669056
0,51892736
0,51251200
0,52894720
0,53648384
0,53764096
0,54374912
0,54197760
0,54022656
0,55399936
0,53790720
0,55140864
0,54404096
0,54717440
0,55300608
0,56235520
0,56203264
0,56357376
0,57004032
0,57326080
0,55489024
0,56458240
0,56855040
0,55011328
0,53973504
0,53991424
0,52964352
0,51800064
0,50609152
0,49149952
0,47128064
0,46312448
0,46002688
0,42920448
0,41283072
0,40017920
0,38174720
0,37176320
0,34661888
0,34135552
0,33011712
0,29945344
0,28987392
0,27654144
0,25128448
0,26434048
0,23560192
0,23122432
0,22333440
0,19991040
0,20022784
0,18878464
0,16667136
0,16995840
0,14938112
0,14302720
0,13960192
0,11965440
0,12648960
0,11445760
0,10339328
0,10098176
0,7522816
0,6874624
0,5592576
0,3162624
0,1932800
1,-567808
1,-1648128
1,-2970624
1,-4574208
1,-6523392
1,-7552512
1,-9834496
1,-10390016
1,-12637184
1,-13415936
1,-13479424
1,-14767104
1,-13931008
0,13236224
0,12604416
0,12371456
0,11889664
0,11009536
0,12148224
0,12080640
0,10859520
0,11794432
0,10402304
0,9670144
0,8918528
0,8569344
0,7681536
0,8162816
0,8496128
0,8222208
0,6037504
0,6650368
0,6915584
0,6598656
0,6771712
0,5832704
0,4947968
0,6052864
0,5292032
0,5620224
0,4736000
0,3790848
0,3218944
0,1822720
0,2922496
0,3018240
0,2451968
0,1941504
0,1094144
0,218112
0,1178112
0,1359872
0,3376640
0,1978880
0,783360
0,321536
1,-495104
0,1523712
0,1511936
0,1416192
0,1527808
0,1584128
0,1679360
0,1878016
0,1345536
0,1515520
0,1395200
0,2425344
0,2209280
0,1864192
0,3985408
0,3196928
0,2140672
0,2289664
0,1079808
0,2467328
0,2920448
0,3180032
0,3012608
0,1513984
0,1779200
0,1954304
0,2430976
0,1717248
0,897024
0,229376
0,11776
1,-64000
1,-821248
0,931840
1,-259584
1,-1398784
1,-1300992
1,-352768
1,-443904
1,-1438208
1,-3334656
1,-4230144
1,-4919296
1,-4960256
1,-3959296
1,-4042752
1,-3800064
1,-5148672
1,-7792128
1,-8311296
1,-7598080
1,-7462400
1,-8839680
1,-9376768
1,-10135040
1,-10148352
1,-8954368
1,-9774592
1,-9530880
1,-9894400
1,-11530240
1,-11150848
1,-9858048
1,-9434624
1,-10025984
1,-9809920
1,-11076608
1,-10601984
1,-10780160
1,-11273216
1,-10659840
1,-11655168
1,-10891264
1,-11860992
1,-13069824
1,-11995648
1,-11239936
1,-11683840
1,-11682304
1,-12764160
1,-13089280
1,-12942848
1,-14521856
1,-13875200
1,-14028288
1,-22024704
1,-21554176
1,-21569536
1,-22812160
1,-21602816
1,-21734400
1,-21070848
1,-20664832
1,-21419520
1,-21410304
1,-22221824
1,-22216704
1,-21645312
1,-21598720
1,-21434880
1,-21244928
1,-22073344
1,-21594112
1,-21602816
1,-21088768
1,-21036032
1,-22123008
1,-21248512
1,-20782080
1,-20614144
1,-20038656
1,-19348992
1,-18537472
1,-19708928
1,-20173824
1,-19855360
1,-19615232
1,-18925568
1,-19341312
1,-18938368
1,-17760768
1,-16898048
1,-17569280
1,-18897408
1,-18101248
1,-18216448
1,-18537984
1,-19203584
1,-19021312
1,-18706432
1,-18295296
1,-18140672
1,-18343424
1,-18091008
1,-17890816
1,-16689152
1,-16612864
1,-17718272
1,-17044480
1,-16788480
1,-16357376
1,-16279040
1,-16262144
1,-16068608
1,-15344640
1,-15907328
1,-15839232
1,-16437248
1,-15135744
1,-16168960
1,-15378432
1,-15935488
1,-15395840
1,-16028672
1,-14785024
1,-15071232
1,-14734336
1,-14268928
1,-15187968
1,-14486528
1,-14514176
1,-14346752
1,-14837248
1,-15062016
1,-14138880
1,-13487616
1,-13396992
1,-14514688
1,-13934080
1,-12714496
1,-13400064
1,-13906432
1,-13148160
1,-12190720
1,-13787648
1,-12327424
1,-12052992
1,-12771328
1,-13030400
1,-12590592
1,-13231616
1,-13407232
1,-13918720
1,-13403648
1,-12536832
1,-11912192
1,-12390400
1,-11128320
1,-11132416
1,-10655232
1,-11594240
1,-11046400
1,-10848768
1,-9735168
1,-10568704
1,-9536000
1,-8750080
1,-8722944
1,-9979392
1,-8633856
1,-9326592
1,-9933312
1,-9985536
1,-9590784
1,-10314240
1,-10062848
1,-10482688
1,-10572288
1,-10715648
1,-9780736
1,-9774080
1,-9235456
1,-9508864
0,5875200
0,4938752
0,5479936
0,5103616
0,3562496
0,3203072
0,3854336
0,1816576
1,-189440
1,-184832
1,-102912
0,1119744
1,-457728
1,-588288
1,-1203200
1,-4302336
1,-5043200
1,-6956032
1,-5278208
1,-4822016
1,-3929088
1,-4864000
1,-6032896
1,-7156224
1,-8363008
1,-9691648
1,-9683456
1,-9107456
1,-6883840
1,-7809536
1,-7468032
1,-7528960
1,-8622080
1,-9948160
1,-10570752
1,-9507840
1,-9291776
1,-7769600
1,-8137728
1,-7687680
1,-7494144
1,-8563712
1,-8451072
1,-10485248
1,-8525312
1,-7353344
1,-5468672
1,-6225408
1,-6810112
1,-6547968
1,-6713344
1,-6155776
1,-2742272
1,-2996736
1,-2684416
1,-4604928
1,-3978752
1,-2952192
1,-2086400
1,-1598464
0,409600
0,1438720
0,342528
0,1762304
0,1835520
0,2773504
0,3550720
0,2962432
0,3087872
0,3559424
0,4897792
0,7002624
0,5571072
0,6734336
0,5417984
0,4943360
0,6048256
0,6556160
0,8182272
0,8453120
0,7492608
0,6068736
0,5993984
0,6727680
0,8596992
0,9378816
0,8064000
0,6895104
0,4933632
0,5380096
0,5541888
0,7190016
0,6938624
0,6248448
0,5706240
0,5338112
0,5414400
0,4383232
0,4304896
0,3986944
0,5851648
0,6815232
0,5997056
0,6181376
0,4881920
0,3618816
0,3389440
0,3377664
0,5182464
0,6534144
0,7110656
0,7733760
0,6888448
0,5481472
0,3369472
0,5609472
0,6659584
0,7987712
0,7095808
0,6213120
0,5571584
0,8274944
0,6180352
0,5957632
0,4605440
0,5592576
0,5667328
0,4570624
0,14858752
0,13436416
0,13776896
0,13924864
0,12865024
0,13018624
0,13246976
0,13245952
0,12967424
0,12328960
0,11341312
0,10074624
0,9664512
0,9952768
0,8155136
0,8278528
0,7028224
0,6785024
0,5663232
0,4247040
0,3465728
0,3340288
0,2288128
0,1728000
0,1808896
0,1859072
0,1627136
0,1125376
0,1437696
0,1989120
0,688640
0,1044992
1,-507392
1,-1122304
1,-734720
1,-479744
1,-1557504
1,-173056
1,-113664
1,-3250688
1,-3454976
1,-2548224
1,-4700160
1,-4828160
1,-4971008
1,-5201920
1,-4944896
1,-5369344
1,-5787136
1,-5397504
1,-5830144
1,-4990976
1,-5393408
1,-4106752
1,-6110720
1,-5480448
1,-3812352
1,-3526656
1,-3637760
1,-3121664
1,-2514432
1,-4517888
1,-5054464
1,-5544448
1,-4580864
1,-3672576
1,-4913664
1,-3456000
1,-3448320
1,-4276224
1,-4766720
1,-6254592
1,-5572096
1,-4418560
1,-4348416
1,-4927488
1,-3532288
1,-3865088
1,-2962944
1,-2833920
1,-2056192
1,-2458624
1,-2447360
1,-1196544
1,-2722304
1,-1352704
1,-1774592
1,-2489856
1,-4061696
1,-3513856
1,-2406912
1,-4815872
1,-6372864
1,-4655616
1,-5678592
1,-5359616
1,-5500416
1,-6352384
1,-6191104
1,-5247488
1,-6519296
1,-5947392
1,-6868992
1,-5698560
1,-4631552
1,-6003712
1,-5654528
1,-6029824
1,-5511680
1,-5639168
1,-6022656
1,-6458880
1,-6504960
1,-6924288
1,-7951872
1,-7150080
1,-7583232
1,-8725504
1,-8409600
1,-8533504
1,-9158656
1,-8237056
1,-7863808
1,-8932352
1,-8198656
1,-9230336
1,-6894592
1,-7440896
1,-31365120
1,-31678464
1,-31526912
1,-32375296
1,-31802368
1,-31176192
1,-31699456
1,-31263744
1,-30096896
1,-30370816
1,-30684672
1,-30025728
1,-31020032
1,-30776320
1,-29763072
1,-30735872
1,-30644736
1,-29214720
1,-29870080
1,-29676544
1,-29464576
1,-28868096
1,-28389888
1,-28825600
1,-27917312
1,-28645888
1,-28029440
1,-28360704
1,-28865536
1,-27955200
1,-27077632
1,-27855360
1,-26935296
1,-26887168
1,-26658816
1,-27955200
1,-27423232
1,-27465216
1,-27227648
1,-28095488
1,-27029504
1,-27337728
1,-26667008
1,-27544064
1,-27446784
1,-26972672
1,-26907648
1,-27575296
1,-27301376
1,-26278912
1,-27192320
1,-26571264
1,-26759680
1,-25554432
1,-26221056
1,-25750016
1,-26235392
1,-25824768
1,-26860032
1,-26455552
1,-26307584
1,-25745408
1,-25652224
1,-26163712
1,-26056192
1,-26507264
1,-26748928
1,-26353152
1,-26405376
1,-25358848
1,-25890304
1,-26109440
1,-25207808
1,-26558464
1,-25327104
1,-26137088
1,-25511424
1,-25655808
1,-25473536
1,-25837056
1,-25451008
1,-25183232
1,-25280000
1,-25665024
1,-24737792
1,-26338816
1,-25134592
1,-25648128
1,-26288640
1,-26281472
1,-25355264
1,-25170944
1,-25272320
1,-24199168
1,-25792000
1,-24617984
1,-24930816
1,-24068608
1,-23996928
1,-25463296
1,-25202688
1,-24931328
1,-24782848
1,-24855552
1,-24968704
1,-24176128
1,-24776704
1,-24441856
1,-24139776
1,-23697408
1,-24439808
1,-24120320
1,-24578048
1,-23798272
1,-23563264
1,-22392832
1,-22737408
1,-21842944
1,-22007808
1,-21789696
1,-21083136
1,-21627392
1,-21527552
1,-20907520
1,-21108224
1,-20591616
1,-21661696
1,-21366272
1,-27059200
1,-27503104
1,-27447296
1,-28430848
1,-28742656
1,-29218816
1,-29988352
1,-31091200
1,-29945856
1,-30598144
1,-31220224
1,-31520768
1,-30790656
1,-30428672
1,-31080960
1,-30362624
1,-31310848
1,-31115264
1,-31352320
1,-31002112
1,-30144000
1,-30622208
1,-30002688
1,-29714432
1,-28369920
1,-29054976
1,-28642304
1,-29405696
1,-29334528
1,-29417472
1,-29698048
1,-28969472
1,-28406784
1,-28469248
1,-28312064
1,-27503616
1,-27501568
1,-27381248
1,-27713536
1,-27239424
1,-27024384
1,-27047424
1,-26845184
1,-26329600
1,-25726464
1,-24965632
1,-24641536
1,-25250304
1,-25112064
1,-25032704
1,-25106432
1,-25326080
1,-25214464
1,-24582656
1,-24517632
1,-24708608
1,-25283072
1,-25316352
1,-25282048
1,-24256000
1,-24353792
1,-25385472
1,-23811584
1,-23576576
1,-23356928
1,-22841856
1,-22961664
1,-22284288
1,-22628864
1,-22438912
1,-22939648
1,-22760960
1,-23365632
1,-23205888
1,-22414848
1,-23141888
1,-22186496
1,-22553600
1,-22646272
1,-23246848
1,-23330304
1,-23910400
1,-23965184
1,-24420864
1,-23825408
1,-24528384
1,-24113664
1,-24010752
1,-23778304
1,-23141376
1,-24164864
1,-23320064
1,-24710144
1,-24652800
1,-23643648
1,-23968768
1,-23051264
1,-23822336
1,-24066560
1,-22941696
1,-24265216
1,-23334400
1,-23502336
1,-23094784
1,-23512576
1,-22957568
1,-23915520
1,-23075328
1,-23785984
1,-23123456
1,-23024128
1,-24042496
1,-23326720
1,-23959040
1,-24313344
1,-23442432
1,-23763968
1,-23491584
1,-23634944
1,-23573504
1,-22618624
1,-22817792
1,-22083072
1,-22737920
1,-22908928
1,-22524416
1,-22193664
1,-22459392
0,3589120
0,2354176
0,2664960
0,2811904
0,2930176
0,2683392
0,2481664
0,2343936
0,1450496
0,866816
0,520704
1,-208896
0,532480
0,1043456
0,1278464
0,1452032
0,598528
0,1041920
0,1622016
0,320000
1,-111104
1,-1245184
1,-1283584
1,-1452544
1,-1424384
1,-938496
1,-2539520
1,-2194944
1,-1416192
1,-1338368
1,-2470400
1,-2548224
1,-2637824
1,-2003968
1,-2131456
1,-1950720
1,-1625088
1,-1812992
1,-1066496
1,-957952
1,-983552
1,-909824
1,-848384
1,-578560
1,-1259008
1,-635392
1,-425472
1,-165888
1,-91648
0,108544
1,-6656
0,326656
0,281600
0,830464
1,-307712
0,1271808
0,443392
0,232960
0,415232
0,902144
0,1640448
0,1152512
0,1436672
0,1912320
0,1596928
0,2243072
0,2546176
0,2821632
0,2382336
0,2638848
0,3392512
0,4336640
0,3787264
0,2706944
0,3799040
0,4020224
0,3098112
0,2312192
0,3191296
0,3931648
0,3832320
0,4274688
0,4330496
0,5734400
0,5278720
0,5446144
0,5799936
0,6313984
0,6299648
0,6552576
0,7163392
0,8521728
0,8148992
0,8285184
0,7460864
0,6239232
0,6632448
0,5932544
0,5929984
0,5225984
0,6096384
0,6931456
0,7711232
0,6662144
0,5493248
0,6669824
0,5653504
0,5772288
0,6574080
0,6025728
0,6969344
0,6582784
0,6689792
0,7844352
0,7436288
0,7490048
0,6320640
0,7810048
0,6432768
0,5615104
0,5715456
0,4663296
0,6169600
0,5431296
0,6112256
0,5768192
0,6850560
0,6033408
1,-19680256
1,-18978304
1,-17953280
1,-17341952
1,-16035328
1,-15766016
1,-15128576
1,-14345728
1,-14856704
1,-14170112
1,-13562368
1,-12783104
1,-13306880
1,-11713024
1,-11820544
1,-10870272
1,-9975296
1,-10004480
1,-9062912
1,-8589824
1,-7678464
1,-7447552
1,-6707200
1,-5458944
1,-4416512
1,-4393472
1,-2736640
1,-2404352
1,-1721344
1,-933888
1,-137216
0,29696
0,558592
0,830464
0,881664
0,2057728
0,1452032
0,2293248
0,3544064
0,3284992
0,2868224
0,3463168
0,3439616
0,2989056
0,4044288
0,3800576
0,4299264
0,4704768
0,4078592
0,3666944
0,3206144
0,2884096
0,1859072
0,1140224
0,101888
1,-596992
1,-1167360
1,-1846784
1,-2544128
1,-2733056
1,-3117568
1,-4345856
1,-4505600
1,-5081088
1,-5962752
1,-7189504
1,-5902848
1,-6792704
1,-7340544
1,-7835648
1,-8017920
1,-9205248
1,-9479680
1,-10766336
1,-11922432
1,-12934144
1,-13259776
1,-14194688
1,-15129088
1,-15402496
1,-16653312
1,-17415680
1,-18355712
1,-18792960
1,-20388352
1,-20557824
1,-20227584
1,-20976640
1,-20400128
1,-20302848
1,-20057600
1,-19212288
1,-19305984
1,-20010496
1,-19958784
1,-20564992
1,-21192192
1,-21894144
1,-22477824
1,-22315008
1,-22759936
1,-22839808
1,-22283264
1,-22116864
1,-21768192
1,-22103040
1,-21058560
1,-21090304
1,-19217920
1,-17720832
1,-17099264
1,-15816704
1,-15712256
1,-13939200
1,-14493184
1,-14108672
1,-13632512
1,-13788160
1,-13593600
1,-14294016
1,-13339136
1,-12556800
1,-12506624
1,-12307968
1,-11664896
1,-11253248
1,-11075584
1,-10167296
0,7910400
0,7251456
0,6583808
0,5700608
0,6057472
0,5884416
0,5563392
0,5980160
0,6602240
0,5941248
0,6216704
0,6017536
0,4917248
0,5033984
0,4622336
0,3504640
0,4113408
0,3809280
0,4056064
0,4873728
0,4183040
0,4722688
0,4804096
0,4186112
0,3263488
0,3150336
0,3830784
0,3006976
0,3620352
0,3528192
0,3975680
0,3872256
0,3219968
0,3898880
0,2771456
0,3779072
0,2956800
0,1985536
0,3302912
0,3260928
0,3743744
0,3997184
0,4226048
0,4553728
0,4067840
0,4512256
0,4459008
0,4874240
0,5164544
0,5453824
0,5736448
0,6195200
0,7116800
0,7222272
0,7120896
0,6961664
0,6031872
0,6670336
0,6592000
0,6571008
0,6231040
0,6570496
0,7197184
0,7578624
0,7684608
0,6947840
0,7384576
0,6247424
0,5219840
0,4682752
0,3629056
0,4590080
0,4289536
0,4388864
0,4157440
0,3834880
0,3494400
0,2399232
0,2556416
0,2020864
0,1940992
0,2548224
0,2533888
0,2923008
0,2887168
0,4464640
0,3779072
0,4472832
0,4558848
0,5579264
0,5131264
0,5401088
0,6365184
0,6357504
0,8542208
0,8558080
0,9477120
0,9741824
0,10266112
0,8452096
0,8811008
0,9694720
0,9290240
0,9631744
0,9744384
0,10867712
0,11335680
0,12607488
0,12573184
0,13571584
0,13763584
0,13132800
0,12620800
0,13186048
0,13918720
0,14210560
0,14114304
0,15060480
0,14598656
0,13944832
0,13554176
0,13271040
0,12232192
0,12882432
0,11772416
0,10942976
0,10900480
0,10096128
0,1467904
0,787968
0,2031104
0,1596928
0,3139584
0,3577856
0,3068928
0,3728896
0,3585536
0,3543040
0,2562560
0,2508800
0,1687552
0,3077632
0,3009024
0,3778048
0,4354560
0,4793856
0,4737536
0,4701184
0,4105216
0,3702272
0,3430912
0,2637824
0,2458624
0,3291648
0,3457024
0,3398656
0,3634176
0,3778048
0,4634624
0,4310016
0,3466240
0,3410432
0,3125760
0,3509760
0,3582976
0,4489216
0,5413376
0,6222848
0,6222848
0,6989312
0,6343168
0,5462528
0,5982720
0,5994496
0,7223296
0,6575104
0,7565824
0,8435712
0,8746496
0,9436672
0,9494528
0,9789440
0,9607680
0,9921024
0,9746944
0,10277888
0,10763264
0,11177984
0,12032000
0,12748800
0,13064704
0,12899840
0,12176896
0,11833344
0,11263488
0,11513856
0,11670016
0,11810304
0,12322304
0,13401600
0,13190656
0,13957120
0,14630400
0,14677504
0,13565952
0,13620736
0,13761536
0,12786688
0,13316608
0,12726784
0,13289472
0,12388864
0,13237248
0,12388864
0,12768768
0,13045760
0,12331520
0,12454912
0,12529152
0,12562944
0,12254208
0,11687936
0,10829312
0,10618880
0,9550848
0,8842240
0,7360000
0,7699968
0,6784000
0,7668224
0,8051200
0,8358400
0,8549888
0,9014272
0,8394240
0,7370240
0,6276608
0,5351424
0,4394496
0,4121600
0,4244480
0,4011008
0,4100096
0,5319168
0,4876288
0,4058624
0,4174336
0,3638272
0,3585536
0,3513344
0,3044864
0,3018752
0,3092480
0,2359296
0,2193408
0,2519040
0,15196672
0,15021056
0,15333888
0,15454208
0,16218112
0,16766464
0,16726016
0,16839168
0,16692224
0,16303616
0,16254464
0,15939584
0,15435264
0,14727168
0,15070208
0,15246336
0,15314432
0,15203840
0,15280128
0,14796288
0,13638656
0,14243328
0,14125568
0,13944832
0,14888448
0,15042560
0,15412224
0,16714752
0,16299008
0,15908864
0,15772672
0,15845376
0,14804480
0,15434752
0,15232000
0,15657472
0,15917568
0,15886336
0,16563200
0,16747520
0,16946176
0,16943616
0,17197568
0,17408512
0,17775616
0,18704896
0,18152448
0,18825216
0,19139584
0,19443200
0,19596288
0,19395072
0,19379200
0,18918912
0,20262400
0,19918848
0,19815936
0,20486144
0,21036032
0,21836800
0,22109184
0,22072320
0,21019648
0,20719616
0,20838400
0,20700672
0,20690432
0,20732416
0,20822016
0,21109760
0,21204480
0,21397504
0,20688384
0,20479488
0,21160448
0,20540416
0,20181504
0,20181504
0,20324352
0,20800512
0,20298240
0,19852288
0,20145152
0,19581952
0,19204096
0,18674176
0,18326016
0,18362368
0,17697792
0,17817088
0,17921024
0,17978880
0,17650688
0,18258944
0,17788416
0,17439232
0,17694720
0,17291264
0,16947712
0,16478720
0,17935360
0,18489344
0,18374656
0,19453952
0,18928640
0,19074560
0,19441152
0,18314752
0,17993216
0,18246144
0,17872896
0,18099200
0,19239936
0,19487232
0,19902976
0,20227584
0,19938816
0,19919872
0,19395072
0,20281856
0,20527104
0,21197824
0,21455360
0,22791168
0,23319552
0,23412224
0,24243712
0,23258624
0,6505984
0,7028736
0,7071232
0,6571008
0,6299648
0,6566912
0,6674944
0,7539712
0,6694400
0,5874176
0,6070272
0,4282368
0,5156352
0,5044736
0,6116352
0,6460928
0,5986304
0,6961664
0,7176192
0,7099904
0,7513600
0,6825472
0,6635008
0,5885952
0,5059072
0,5156864
0,4958720
0,4144640
0,4470784
0,3314176
0,3170816
0,2378752
0,2343424
0,1427968
0,1277440
0,1970688
0,1939968
0,2394624
0,5371904
0,5085696
0,4156416
0,4320768
0,4349440
0,3218944
0,2191872
0,1021440
0,385536
1,-357888
1,-1059328
0,332288
0,186880
0,1086464
0,1626112
0,645120
0,382976
0,129536
0,482304
1,-391168
0,906240
0,584192
0,824832
0,1985536
0,934400
1,-314368
1,-518656
1,-1167872
1,-1868288
1,-1667584
1,-1449984
1,-214528
1,-1348096
1,-1664000
1,-2083328
1,-3508736
1,-3061760
1,-3696128
1,-4484608
1,-3035648
1,-3347456
1,-3494912
1,-3547648
1,-3593216
1,-3077632
1,-3743744
1,-2905088
1,-3103744
1,-4152320
1,-4639232
1,-4271616
1,-5726208
1,-5222400
1,-6554112
1,-7104000
1,-8280064
1,-7316992
1,-7027712
1,-7135232
1,-6327296
1,-7888384
1,-8594432
1,-9197568
1,-8940544
1,-10012672
1,-9092096
1,-8429568
1,-8267264
1,-8157696
1,-10125312
1,-9427456
1,-11350016
1,-11886080
1,-11619840
1,-10745856
1,-10410496
1,-10602496
1,-10550784
1,-10583040
1,-11775488
1,-11290112
1,-11463168
1,-11164672
1,-11978240
1,-12174336
1,-12254720
1,-14924288
1,-14216704
1,-14545920
1,-14537216
0,15300608
0,14908928
0,14920704
0,14379008
0,14619648
0,14918144
0,15264768
0,15685120
0,15746048
0,14705152
0,15024640
0,14007296
0,15216128
0,16450560
0,15857664
0,15945728
0,16979968
0,17926656
0,17989632
0,18223104
0,17882624
0,16579072
0,16057344
0,16006144
0,16288768
0,16812032
0,17236992
0,16923136
0,17996800
0,17251328
0,17210880
0,16756224
0,16395776
0,15908864
0,16397824
0,17342976
0,17391616
0,17258496
0,17393152
0,18358784
0,18400768
0,18036224
0,17659904
0,18166784
0,17972736
0,18788352
0,18866176
0,19553280
0,20016640
0,20201984
0,20015616
0,20105216
0,19129856
0,19442688
0,19008000
0,19799040
0,19485696
0,21293568
0,21681152
0,21316096
0,20883456
0,21252608
0,21165568
0,20252672
0,20751872
0,20201984
0,20338176
0,21272576
0,21174784
0,22988288
0,23204352
0,23909376
0,23271936
0,23180288
0,22679040
0,23022592
0,22941184
0,22846976
0,24080384
0,24249856
0,24292864
0,25138176
0,25160704
0,24574464
0,24160256
0,24492032
0,24834048
0,24685056
0,24832512
0,25574912
0,25542656
0,25385472
0,25975296
0,25483776
0,25008640
0,24903168
0,24737280
0,24502272
0,24588800
0,24100352
0,25403392
0,25843712
0,25639936
0,25622528
0,25836032
0,25108992
0,24595968
0,23958016
0,24083968
0,23244800
0,23496192
0,23879168
0,24466944
0,24573440
0,24214016
0,23673856
0,24472064
0,24297984
0,24211456
0,24168448
0,25342976
0,25831936
0,25072128
0,26062336
0,25883648
0,26198016
0,25274368
0,25305600
0,4177920
0,3473408
0,3333120
0,3338240
0,3975680
0,4905472
0,4703232
0,4893696
0,5382656
0,4813312
0,4449280
0,3574272
0,2968576
0,3471872
0,2790400
0,3748864
0,3965952
0,3450880
0,3406336
0,2907136
0,2402304
0,1466880
0,741888
1,-340992
1,-1091072
1,-1209344
1,-1623040
1,-931328
1,-1841664
1,-1763840
1,-2710528
1,-3260928
1,-4104704
1,-5596160
1,-5810688
1,-6829568
1,-7096320
1,-7922688
1,-7300096
1,-8163328
1,-7514112
1,-7967744
1,-7401984
1,-7236096
1,-7807488
1,-7572480
1,-7494656
1,-6907392
1,-7279104
1,-6292992
1,-5288448
1,-4824576
1,-4179968
1,-3577856
1,-3863040
1,-3388416
1,-3418112
1,-2695168
1,-3030528
1,-2696704
1,-1861632
1,-1573376
1,-1392640
1,-1137664
1,-1148928
1,-1454592
1,-1950720
1,-1731584
1,-2125824
1,-2857472
1,-2796544
1,-3084288
1,-3525120
1,-3893760
1,-4111360
1,-5358592
1,-5711360
1,-6323200
1,-7704064
1,-7277056
1,-8274432
1,-8684032
1,-9075200
1,-9129472
1,-9367040
1,-9234944
1,-9672704
1,-10595328
1,-10292224
1,-10753024
1,-11014144
1,-10808320
1,-10155008
1,-10431488
1,-9890304
1,-10608640
1,-10063872
1,-10216448
1,-10162176
1,-10106880
1,-9881088
1,-9475584
1,-10027520
1,-8989696
1,-8325120
1,-8424960
1,-7211008
1,-7918080
1,-7869952
1,-8198144
1,-7738368
1,-7785472
1,-7512576
1,-7319552
1,-7063040
1,-6336000
1,-6859264
1,-6151680
1,-7160320
1,-6936064
1,-7162880
1,-7145984
1,-7430656
1,-8268288
1,-8162304
1,-8753664
1,-8795136
1,-9424896
1,-18973184
1,-18443264
1,-18771968
1,-18400256
1,-19025920
1,-19158528
1,-18916352
1,-17459712
1,-18145280
1,-17119232
1,-17864704
1,-16937472
1,-17604096
1,-17690624
1,-18481664
1,-17299968
1,-17604096
1,-18203136
1,-16825856
1,-17378304
1,-16885760
1,-16582656
1,-16249344
1,-16535040
1,-16771072
1,-16697856
1,-16651776
1,-16609280
1,-16935936
1,-15967232
1,-16181248
1,-15954944
1,-15616512
1,-16256512
1,-15915520
1,-16456192
1,-16650240
1,-16983040
1,-17172480
1,-17000960
1,-16654848
1,-16296960
1,-16765440
1,-16392704
1,-16659968
1,-16637440
1,-16825344
1,-17126912
1,-16399360
1,-16830464
1,-16508928
1,-16345088
1,-16167424
1,-16369152
1,-15774208
1,-15718400
1,-15790592
1,-16307712
1,-16710656
1,-16590848
1,-16519680
1,-15397376
1,-15576576
1,-15217664
1,-15091200
1,-14582784
1,-15111168
1,-15388672
1,-15347712
1,-14446080
1,-15059968
1,-14198784
1,-13813760
1,-14920192
1,-13894656
1,-14699520
1,-14146048
1,-14626304
1,-14400512
1,-15155712
1,-14595072
1,-15258112
1,-14872576
1,-13875712
1,-14018048
1,-12816384
1,-12896256
1,-13087744
1,-13739520
1,-13727744
1,-13152768
1,-13516288
1,-13473792
1,-13744640
1,-12609024
1,-12411904
1,-12175872
1,-12742144
1,-12727808
1,-13417472
1,-13283840
1,-12985344
1,-13412864
1,-13028864
1,-12894208
1,-12828160
1,-12043776
1,-11913216
1,-12347904
1,-12078080
1,-13165568
1,-13782016
1,-13300736
1,-13639168
1,-13356544
1,-12981760
1,-12651520
1,-12568064
1,-11403776
1,-11815424
1,-12043264
1,-11873280
1,-12211712
1,-12288512
1,-12571648
1,-11396608
1,-11975168
1,-10932736
0,31784960
0,31805952
0,32164352
0,31823872
0,31634432
0,32182272
0,32370176
0,32568320
0,32540672
0,32635392
0,31759360
0,32028160
0,32174592
0,32166400
0,31733760
0,31782912
0,31820288
0,31709696
0,32311296
0,32250368
0,31234048
0,31201792
0,31318528
0,31083520
0,31395328
0,31565824
0,31237120
0,31453696
0,32050688
0,31673344
0,31777792
0,31635456
0,31789568
0,31889408
0,31538688
0,32154112
0,32060416
0,32909824
0,33414144
0,32727552
0,33028096
0,33270272
0,32391680
0,32711168
0,33037312
0,32250880
0,32793088
0,31647232
0,32729600
0,33262080
0,32418816
0,32640000
0,31761408
0,32129536
0,31573504
0,31190016
0,31217664
0,30923264
0,31634944
0,31838208
0,32166912
0,31693824
0,31630848
0,31365120
0,30242816
0,29816832
0,30026752
0,30596608
0,29540352
0,30086656
0,30228992
0,30690304
0,30440960
0,30300672
0,30183424
0,29530624
0,29296128
0,29355520
0,29261824
0,29122048
0,29617152
0,29743104
0,30134272
0,30382592
0,29531136
0,30509056
0,29264384
0,29041664
0,28585984
0,28595200
0,28905984
0,29617664
0,29450752
0,30317056
0,29749248
0,29155840
0,29928960
0,28740608
0,27865600
0,27826688
0,27614720
0,29010432
0,28703232
0,29221376
0,29007360
0,29337600
0,28058624
0,27751424
0,27908096
0,27079168
0,27225088
0,26824192
0,27324416
0,27897344
0,27985408
0,27407872
0,27191296
0,27846144
0,27354624
0,27132416
0,26506240
0,26810880
0,25808896
0,26341888
0,26180096
0,26236928
0,26345984
0,26674688
1,-13813248
1,-14755328
1,-15266816
1,-15426560
1,-15165440
1,-16342016
1,-16096768
1,-15978496
1,-16221696
1,-15334400
1,-15968768
1,-16182784
1,-17241600
1,-17343488
1,-17663488
1,-18247168
1,-17722880
1,-17948672
1,-17961472
1,-17008128
1,-18366464
1,-17370624
1,-18330112
1,-18010624
1,-18863104
1,-19259392
1,-18848256
1,-20595712
1,-19877376
1,-20258304
1,-19059200
1,-19725824
1,-20203008
1,-20215296
1,-20807680
1,-20716544
1,-21149184
1,-21601792
1,-20923392
1,-20843008
1,-20894720
1,-20467200
1,-20381696
1,-20281856
1,-20408832
1,-21010432
1,-20713472
1,-21406208
1,-21707776
1,-21729280
1,-20560896
1,-20833792
1,-20602880
1,-20334592
1,-21059072
1,-20674560
1,-20546560
1,-21422080
1,-21261824
1,-22412800
1,-21332992
1,-21318144
1,-21380608
1,-21065216
1,-21392896
1,-21363200
1,-21599232
1,-21930496
1,-22735360
1,-22867968
1,-23289344
1,-22510592
1,-21848576
1,-21846528
1,-22150656
1,-22331392
1,-22559232
1,-22037504
1,-22875136
1,-23271424
1,-23843328
1,-23087104
1,-23259648
1,-23152128
1,-22687744
1,-23124480
1,-22575104
1,-22842368
1,-23833088
1,-23857664
1,-24602624
1,-24174080
1,-24013312
1,-23218688
1,-23371776
1,-22573056
1,-22789120
1,-23137280
1,-22435328
1,-23628288
1,-23510528
1,-22737920
1,-23416832
1,-23513088
1,-22425600
1,-22738432
1,-22529536
1,-22131200
1,-22329344
1,-23114240
1,-23010304
1,-23367168
1,-23121920
1,-22561792
1,-23346176
1,-22597632
1,-22738944
1,-21725696
1,-22238208
1,-22307328
1,-22737920
1,-22593536
1,-22703616
1,-23111168
1,-22432256
1,-22092288
1,-22176768
1,-21792256
0,2067456
0,3023872
0,1856000
0,2671616
0,1350144
0,1780224
0,1365504
0,540160
1,-80384
1,-128000
1,-526336
1,-884736
1,-930304
1,-628736
1,-568320
1,-335872
1,-1052672
1,-482304
1,-1643008
1,-1860096
1,-2603008
1,-2274304
1,-1863168
1,-1335808
1,-1764352
1,-1975296
1,-1957888
1,-1354752
1,-1933312
1,-2405376
1,-3064320
1,-2753024
1,-2874880
1,-3773952
1,-3895296
1,-3332608
1,-3554816
1,-3416576
1,-3852288
1,-3526656
1,-4150784
1,-4418048
1,-4969984
1,-5399040
1,-4857344
1,-5379584
1,-4795392
1,-4009984
1,-4609024
1,-4961280
1,-4939264
1,-5168128
1,-5756416
1,-5871104
1,-5935616
1,-5949952
1,-6457856
1,-5980672
1,-6620160
1,-6650880
1,-7419904
1,-7178752
1,-8294400
1,-8593920
1,-8697856
1,-9737216
1,-9167872
1,-9414656
1,-9876992
1,-9960448
1,-9940992
1,-9956864
1,-10305024
1,-10421760
1,-10835456
1,-10938368
1,-10838528
1,-11083264
1,-10412544
1,-10642944
1,-10919424
1,-10861056
1,-10724352
1,-11235840
1,-11521536
1,-12026880
1,-11970560
1,-12179456
1,-12045312
1,-12127232
1,-11913728
1,-12450304
1,-12573184
1,-12851712
1,-12852736
1,-13815296
1,-13349376
1,-13891584
1,-13579264
1,-13742592
1,-13802496
1,-13353984
1,-13379584
1,-13529600
1,-13063168
1,-14359040
1,-14521856
1,-14164480
1,-13644288
1,-13519872
1,-13593600
1,-13889536
1,-13643776
1,-13520384
1,-14355456
1,-14569472
1,-14846464
1,-14571008
1,-15163904
1,-15283200
1,-15579136
1,-15266816
1,-15525376
1,-14418432
1,-16052736
1,-15453184
1,-16345600
1,-16832000
1,-27043840
1,-26746368
1,-27364864
1,-27183616
1,-27147264
1,-27943424
1,-28515328
1,-27763712
1,-28173824
1,-27240448
1,-26287104
1,-25428992
1,-24897536
1,-24797696
1,-25050112
1,-25469440
1,-25236480
1,-26083840
1,-25693184
1,-25835520
1,-25320448
1,-24279040
1,-24460800
1,-23621632
1,-22526976
1,-22610944
1,-23704064
1,-23381504
1,-25532928
1,-25990656
1,-25575936
1,-24504320
1,-23144960
1,-22773760
1,-22217728
1,-22610432
1,-22913024
1,-23471104
1,-24295424
1,-24856576
1,-24927232
1,-25503744
1,-24613888
1,-24704000
1,-23500288
1,-22680576
1,-22689792
1,-22807552
1,-22516736
1,-23352320
1,-23437824
1,-23325184
1,-23118848
1,-22690304
1,-21926400
1,-21095936
1,-20456960
1,-19628032
1,-19414528
1,-19190784
1,-19580928
1,-20029952
1,-20278784
1,-19902976
1,-20173824
1,-20599808
1,-20008448
1,-20146688
1,-19509760
1,-18833920
1,-18947584
1,-18836992
1,-19053568
1,-19341824
1,-19507712
1,-20551168
1,-20483584
1,-19961856
1,-19009024
1,-17776640
1,-17810432
1,-17429504
1,-17212416
1,-17852416
1,-17996800
1,-18284032
1,-18791424
1,-19230208
1,-18253312
1,-17399808
1,-17051648
1,-15641088
1,-16011264
1,-16137216
1,-16754688
1,-17349120
1,-18219008
1,-18465792
1,-17871872
1,-17768448
1,-16893952
1,-15701504
1,-15969792
1,-14400000
1,-14487552
1,-15335424
1,-15733248
1,-16194560
1,-16108032
1,-16066560
1,-16052224
1,-14548992
1,-13915136
1,-12547072
1,-11619840
1,-11833856
1,-12626432
1,-12812288
1,-13772288
1,-13673472
1,-14047744
1,-13165568
1,-11665408
1,-12393984
1,-11094528
1,-11663872
1,-10288128
1,-10667520
0,7299072
0,7836160
0,8046080
0,8314880
0,8358912
0,8077824
0,8047104
0,8454656
0,8901120
0,9030144
0,9948672
0,10787328
0,10441728
0,11110912
0,10514432
0,11315712
0,11230720
0,11234816
0,11132416
0,12050944
0,11940864
0,12076032
0,12492800
0,11941376
0,13171200
0,13244928
0,13404672
0,13212160
0,12965376
0,12489216
0,11969536
0,12199424
0,11327488
0,12507648
0,11945472
0,13024768
0,12796928
0,12304896
0,12015104
0,11563008
0,11385344
0,11128320
0,11723264
0,12837376
0,12783104
0,12372992
0,12900864
0,12831232
0,12649984
0,12299264
0,11737600
0,11241472
0,12037120
0,12164608
0,12233728
0,12584960
0,13113856
0,13242368
0,12427776
0,12440064
0,12633088
0,12086784
0,11868672
0,11804160
0,11486720
0,12549120
0,12564992
0,13039616
0,12400640
0,12747776
0,11870720
0,11490816
0,10988544
0,11175936
0,11107328
0,11091968
0,11458048
0,11063296
0,11830272
0,11475968
0,10609664
0,10902016
0,10419712
0,10112000
0,9809920
0,9106944
0,9797632
0,10604544
0,10476544
0,10542592
0,10117632
0,9736704
0,9587200
0,9088512
0,8118784
0,8264704
0,8432128
0,8811008
0,8334848
0,8556544
0,8622080
0,8164864
0,7978496
0,7104512
0,6087680
0,5894656
0,5715456
0,6028800
0,6330880
0,6926336
0,7089152
0,6937600
0,6281216
0,5394944
0,5593600
0,5809664
0,4909056
0,5529600
0,5488128
0,6449664
0,6422528
0,6516224
0,5835776
0,5180928
0,5550080
0,4958720
0,4766208
0,4670976
0,12702720
0,12460032
0,12827136
0,12455424
0,11388416
0,11673088
0,11531776
0,11911680
0,11533824
0,11978240
0,12389376
0,12073984
0,12022272
0,11280896
0,11410432
0,10818048
0,10604032
0,10491904
0,9966592
0,9872896
0,9132032
0,9684992
0,8663552
0,8488448
0,7130112
0,7420928
0,7078400
0,6876672
0,5379072
0,4657152
0,4346368
0,3358720
0,4357632
0,2823680
0,3831296
0,2384896
0,1890816
0,1371136
1,-305664
0,717312
0,296960
1,-366592
1,-75776
1,-231936
0,8192
1,-227840
1,-20480
1,-2037760
1,-1161728
1,-1691136
1,-1613824
1,-1657856
1,-1185280
1,-359424
1,-448512
0,672256
1,-27648
1,-326656
0,487936
1,-362496
0,41984
0,276992
0,94208
1,-330752
0,73728
1,-367104
1,-96768
0,181248
0,870400
0,1938944
0,226304
0,539136
0,1552896
0,1490944
0,1728512
0,2539008
0,2638336
0,3770368
0,5075968
0,4932608
0,5378048
0,5597184
0,6712320
0,6049792
0,7263232
0,7976960
0,8481792
0,9739776
0,9137152
0,9719808
0,10163200
0,10584576
0,10628096
0,10270208
0,10765824
0,11375104
0,11537408
0,11642368
0,12591104
0,12615680
0,12343296
0,12073472
0,11738112
0,11936256
0,11202560
0,11715072
0,12212224
0,12932608
0,12895232
0,12386304
0,12316160
0,11375616
0,11219456
0,10413056
0,10253312
0,9937408
0,9455616
0,10305536
0,10515968
0,9819648
0,10234880
0,9526272
0,9657856
0,9776640
0,8904704
0,9463296
0,9508352
0,9222656
1,-10425344
1,-9786880
1,-10330112
1,-10294784
1,-9798656
1,-9874432
1,-9838080
1,-9389056
1,-8778752
1,-8216576
1,-8169984
1,-7488512
1,-8073728
1,-7490048
1,-7684608
1,-7517184
1,-7765504
1,-8458240
1,-7698944
1,-7446016
1,-6781440
1,-6879744
1,-7134720
1,-6898688
1,-7405568
1,-6716928
1,-7326208
1,-7698432
1,-7507456
1,-7699456
1,-7472128
1,-7536128
1,-7615488
1,-7936512
1,-7754240
1,-7817216
1,-7618560
1,-7237632
1,-7426560
1,-7536640
1,-6944768
1,-7271424
1,-7026176
1,-6518272
1,-5979648
1,-5366784
1,-5979648
1,-5392896
1,-6161920
1,-5715456
1,-6188544
1,-5836288
1,-5898240
1,-5597696
1,-4633088
1,-4430336
1,-4328448
1,-4801536
1,-4997632
1,-5030400
1,-4127232
1,-3936256
1,-4152832
1,-3283968
1,-2709504
1,-2926592
1,-1972224
1,-1819136
1,-1888768
1,-1512960
1,-1439744
1,-434176
0,46080
0,166400
0,553472
0,486912
0,1206272
0,1501184
0,2672640
0,2208256
0,1925120
0,3200512
0,3323904
0,3861504
0,3924992
0,4533248
0,4509184
0,5233152
0,5451776
0,5499904
0,5820416
0,4463616
0,5322240
0,5362176
0,5726208
0,5693952
0,5554176
0,6153728
0,5025792
0,4723712
0,4720128
0,3912192
0,3597824
0,3337216
0,3460096
0,3156480
0,3812352
0,3782144
0,3401216
0,2688000
0,2074624
0,1777152
0,1139200
0,1188864
0,1333248
0,1374720
0,1438720
0,1291776
0,1440768
0,1104384
0,519680
0,607232
1,-3584
0,354816
1,-800256
0,16384
0,49152
1,-174592
0,3352064
0,4048896
0,2646016
0,2398720
0,2332672
0,1486336
0,632320
0,240128
1,-573952
0,121344
0,723456
0,210944
0,894464
0,310272
0,615936
0,372224
0,48128
0,139264
1,-36352
0,715776
0,259584
0,734720
0,842240
0,952320
0,765440
0,911360
0,596992
0,496640
0,528384
0,346624
0,899584
0,1631744
0,2791424
0,2777088
0,3065856
0,3056128
0,3019264
0,3571712
0,3131392
0,3192320
0,4867584
0,4632064
0,5398528
0,5852672
0,6252032
0,7010304
0,6956032
0,7099904
0,6914560
0,7474688
0,7489536
0,7339008
0,8185856
0,9235968
0,9196032
0,9433600
0,10419200
0,9460224
0,9703424
0,10105856
0,9846784
0,9966080
0,9741824
0,11356672
0,10763776
0,11353600
0,11180544
0,11744256
0,11446784
0,11632640
0,11085824
0,11105280
0,10982400
0,10949632
0,11006464
0,11451392
0,11442688
0,11166208
0,10653184
0,10965504
0,10328576
0,9438208
0,9446912
0,9448960
0,9435648
0,9890816
0,10207744
0,9957376
0,10021376
0,9180160
0,8659968
0,8517120
0,7747584
0,7541248
0,7991296
0,8182272
0,7888384
0,7348736
0,7397888
0,7321088
0,7084032
0,6787072
0,6516224
0,6571520
0,5637120
0,5867008
0,5818368
0,6610432
0,6184960
0,6287360
0,6095872
0,6289920
0,5678592
0,5935616
0,5755904
0,6381568
0,5633536
0,6800384
0,6539264
0,6759424
0,6191616
0,6543872
0,6665216
0,6322176
0,6818816
0,6689280
0,6219776
0,7412736
1,-19105792
1,-20166656
1,-21324800
1,-22129152
1,-22530560
1,-21918720
1,-20634112
1,-19696128
1,-19379712
1,-18454528
1,-19289088
1,-19884544
1,-21267456
1,-21465088
1,-22101504
1,-22316544
1,-22425600
1,-23094784
1,-23366656
1,-22773760
1,-22580224
1,-21850112
1,-22288384
1,-23072768
1,-23134720
1,-23933440
1,-24012288
1,-24081920
1,-25024000
1,-25411072
1,-25054720
1,-25772032
1,-25539072
1,-26480128
1,-26784256
1,-26813440
1,-26520064
1,-24450560
1,-24416768
1,-25074688
1,-25699328
1,-25810944
1,-26974720
1,-27416576
1,-26582528
1,-27239936
1,-27378688
1,-27734016
1,-27870208
1,-27205632
1,-26154496
1,-25301504
1,-24829440
1,-25376256
1,-26350080
1,-26425344
1,-27249152
1,-27857408
1,-27940352
1,-28507136
1,-28360704
1,-28810240
1,-27850752
1,-27247104
1,-26993664
1,-26639872
1,-26744832
1,-27680256
1,-27502080
1,-27152896
1,-28530688
1,-28601344
1,-29269504
1,-28411392
1,-27409920
1,-26997760
1,-26587648
1,-27678720
1,-27512320
1,-27346944
1,-27387392
1,-27496960
1,-27681280
1,-28223488
1,-28607488
1,-29401088
1,-29008384
1,-28463104
1,-28727296
1,-28096000
1,-27559424
1,-28559872
1,-27713536
1,-27445760
1,-27303936
1,-27572736
1,-27693056
1,-28179968
1,-28342272
1,-28830208
1,-28703232
1,-29988864
1,-30100480
1,-29373440
1,-27740160
1,-26615808
1,-26177024
1,-26819072
1,-27495424
1,-28012032
1,-28729344
1,-27545600
1,-28196864
1,-29018112
1,-29399040
1,-28818944
1,-28492288
1,-27661312
1,-26940416
1,-27347456
1,-28148736
1,-28893696
1,-29138432
1,-29046272
1,-28737024
1,-28460032
1,-28621312
1,-27984384
1,-1091072
0,286720
0,54784
1,-222208
0,467968
0,701952
0,398848
0,812544
0,581632
1,-510976
0,804352
0,844800
0,1019904
0,385024
0,1549312
0,1535488
0,1938944
0,457216
0,1502208
0,1159680
1,-108544
0,1295360
0,1319424
0,2198528
0,2662912
0,2098176
0,2777088
0,2782208
0,3009536
0,3392512
0,1790976
0,1671680
0,1176064
0,2340864
0,2798592
0,3850240
0,3253760
0,3270144
0,2778624
0,3309568
0,4008448
0,3687936
0,3951104
0,3540480
0,2754560
0,2578944
0,2619904
0,3435520
0,4720640
0,4484608
0,4522496
0,3646976
0,4099584
0,4687360
0,4914688
0,6639104
0,6514688
0,6657024
0,6102016
0,5656064
0,6275072
0,7236608
0,6048256
0,6365184
0,6043136
0,5287424
0,5793792
0,5157888
0,5415424
0,6402560
0,5621248
0,6643712
0,6734336
0,7417344
0,6675456
0,6410240
0,7208448
0,6183424
0,6658560
0,7071232
0,7888384
0,7486976
0,7843840
0,8100352
0,8100864
0,8719872
0,8040448
0,8428544
0,8497664
0,8590848
0,8494592
0,8287744
0,7349760
0,6846464
0,7329280
0,6563328
0,7360512
0,8393216
0,9411584
0,10613760
0,9550336
0,9694720
0,9466368
0,8015872
0,8358912
0,8802816
0,10162688
0,9805312
0,8985600
0,9402880
0,9954816
0,10283008
0,10775040
0,10888192
0,10940928
0,9966080
0,9715200
0,9332736
0,9086976
0,10286080
0,12012544
0,12838400
0,13335040
0,12478976
0,12097536
0,10771456
0,11613696
0,10599936
0,5189632
0,5454336
0,5236736
0,5857280
0,6265856
0,5445632
0,5359616
0,5681152
0,5588480
0,5368832
0,6238720
0,6723584
0,6553600
0,7053312
0,7737856
0,7921152
0,7672320
0,8045568
0,8844800
0,9620480
0,9986560
0,10810880
0,12171264
0,11783680
0,12414976
0,12611072
0,12479488
0,12978176
0,12740096
0,13198848
0,13130752
0,13649920
0,13819392
0,14664704
0,15584256
0,15311360
0,15390720
0,16083968
0,16270336
0,16734208
0,17479680
0,17542144
0,17885184
0,18217984
0,19275776
0,18648064
0,19841536
0,20177920
0,20356608
0,20405248
0,20157440
0,20448768
0,20598784
0,20821504
0,20912640
0,21225472
0,21302784
0,21073920
0,21105664
0,20955136
0,20873216
0,21493248
0,21456896
0,21459968
0,21363712
0,22436864
0,22491648
0,22479872
0,22189568
0,22115328
0,22089216
0,21438464
0,20666880
0,21046784
0,19902464
0,20550144
0,19613184
0,19650560
0,19301376
0,18383872
0,17537024
0,17423872
0,16611328
0,16606720
0,16060416
0,16871424
0,17424384
0,16816640
0,18291712
0,17718272
0,18124800
0,18492416
0,18624000
0,18901504
0,18495488
0,18188288
0,18955264
0,18760704
0,18257920
0,18028544
0,18444800
0,17565696
0,17175552
0,15638016
0,15203840
0,15133184
0,14201856
0,14426112
0,14539776
0,14475776
0,14752256
0,15145984
0,15208448
0,16000000
0,16395264
0,16509440
0,17499136
0,18039808
0,18637312
0,19128832
0,19105280
0,20141568
0,19014144
0,19054080
0,19475968
0,18530304
0,19091968
0,19134976
1,-17708544
1,-16997888
1,-17080832
1,-18046976
1,-17656832
1,-17537024
1,-18041856
1,-17677824
1,-17731584
1,-18540032
1,-18096128
1,-17133056
1,-18438144
1,-19072512
1,-18524160
1,-17853952
1,-18205696
1,-17863168
1,-18072576
1,-18189824
1,-18443776
1,-18083840
1,-17930240
1,-18326016
1,-17916416
1,-18317824
1,-17741312
1,-17901568
1,-17902080
1,-17308672
1,-17114624
1,-16708608
1,-16771584
1,-17398272
1,-16874496
1,-16689664
1,-17162240
1,-16756224
1,-17091584
1,-16685056
1,-16579072
1,-16212480
1,-16396288
1,-16655872
1,-16286208
1,-16402432
1,-15972352
1,-15623680
1,-15547392
1,-15556096
1,-15883264
1,-15370240
1,-15823360
1,-15379968
1,-15289344
1,-15601152
1,-15997952
1,-15463424
1,-16330240
1,-15188992
1,-15757824
1,-15944192
1,-15613952
1,-15877120
1,-14636032
1,-15332352
1,-15749632
1,-16003072
1,-15512576
1,-16066048
1,-15888384
1,-16202240
1,-16778752
1,-15554048
1,-16719360
1,-16006144
1,-15796736
1,-15728640
1,-15775744
1,-15141888
1,-15015424
1,-14607872
1,-14706176
1,-14332416
1,-14138880
1,-14310400
1,-13996032
1,-14196736
1,-14433792
1,-13708288
1,-14319104
1,-14310400
1,-13494784
1,-14063616
1,-13594112
1,-13431296
1,-14170624
1,-13824000
1,-13514752
1,-13163008
1,-13268992
1,-12869120
1,-12251136
1,-13502464
1,-12692480
1,-12851200
1,-12119040
1,-12354048
1,-11351040
1,-12337152
1,-11813376
1,-11251712
1,-11726848
1,-10906112
1,-10895872
1,-10696704
1,-10441216
1,-10333696
1,-9569792
1,-9933824
1,-10212864
1,-10173440
1,-9945088
1,-10410496
1,-9347584
1,-9353728
1,-9629184
1,-9584128
1,-13534720
1,-13424640
1,-13840384
1,-13364736
1,-13120512
1,-12948480
1,-12727808
1,-12750336
1,-12770816
1,-12197376
1,-12218880
1,-12259328
1,-12158464
1,-11874304
1,-11829248
1,-11762176
1,-12043264
1,-11170304
1,-10862080
1,-10921984
1,-10681856
1,-11113984
1,-10780672
1,-11091968
1,-9956352
1,-10595840
1,-9832448
1,-9939968
1,-9435136
1,-9358848
1,-8182272
1,-8565760
1,-7964672
1,-8029696
1,-7737856
1,-8006144
1,-7874048
1,-7205888
1,-7386624
1,-6744064
1,-7120384
1,-6054912
1,-6259200
1,-5667840
1,-5868032
1,-5677568
1,-4829184
1,-5001728
1,-4092928
1,-3836928
1,-3320320
1,-3944448
1,-2557952
1,-2198016
1,-2298368
1,-1699328
1,-1789952
1,-999424
1,-1368064
1,-735232
1,-860672
1,-307200
0,290816
1,-229888
0,147456
0,264704
1,-309248
1,-504320
1,-622592
1,-235520
1,-362496
1,-724992
1,-371200
1,-702464
1,-566784
1,-861184
1,-340480
1,-935936
1,-686592
1,-90112
1,-644608
1,-616448
1,-461824
1,-759296
1,-523776
1,-803840
1,-156672
1,-767488
1,-380416
1,-1090048
1,-1266688
1,-524288
1,-775168
1,-829952
1,-783872
1,-1021440
1,-982016
1,-1260032
1,-833024
1,-494080
1,-722944
1,-623104
1,-358912
1,-716800
1,-1077248
0,281088
1,-672256
1,-99840
0,352256
0,271872
0,430080
0,803328
0,291328
0,425984
0,774656
0,965632
0,2010112
0,1360384
0,2373120
0,2000896
0,2070528
0,2300928
0,2801664
0,3169792
0,3183104
0,3928064
0,3911680
0,4308480
1,-13339648
1,-12716032
1,-13224448
1,-14385152
1,-14044672
1,-15003136
1,-14773760
1,-15283712
1,-15163904
1,-16022528
1,-16267776
1,-16723968
1,-16955392
1,-16616960
1,-17036288
1,-16409088
1,-17022464
1,-16459264
1,-16504832
1,-16747520
1,-17080320
1,-17531904
1,-17591296
1,-16775168
1,-16275456
1,-16487424
1,-16291840
1,-16006144
1,-15866880
1,-15932928
1,-15856640
1,-15383040
1,-15636480
1,-15705088
1,-15733248
1,-15262720
1,-14497280
1,-14009856
1,-13990400
1,-13277696
1,-13331456
1,-12433408
1,-12316160
1,-11570176
1,-11569152
1,-10381312
1,-10537984
1,-9377792
1,-8444416
1,-8096768
1,-7617024
1,-6664192
1,-6813696
1,-6855680
1,-6745600
1,-5752832
1,-4950016
1,-4447232
1,-3305984
1,-2565632
1,-2529792
1,-1959424
1,-1878016
1,-1515008
1,-858624
1,-428032
0,227840
0,471552
0,1267712
0,1204224
0,2280960
0,2625024
0,3381760
0,2766848
0,3069952
0,3380736
0,3512832
0,3715584
0,3522560
0,4356096
0,4443648
0,4472320
0,4752896
0,4116480
0,4444160
0,4058624
0,4010496
0,3873792
0,4472832
0,4397056
0,4813312
0,4180480
0,4217344
0,4030976
0,3080704
0,3590144
0,1975808
0,2246656
0,2565632
0,1613824
0,1901056
0,1374208
0,1429504
0,1370112
0,494080
0,76800
0,158208
0,397312
1,-318464
0,10752
1,-902144
1,-765952
1,-523776
1,-1581568
1,-1767936
1,-1675264
1,-1758208
1,-2461696
1,-2635776
1,-2571776
1,-2813440
1,-2230272
1,-2052608
1,-2572800
1,-2313728
1,-1981952
1,-1849856
1,-2423296
0,14827008
0,14317568
0,14525440
0,14006784
0,14460416
0,14785024
0,14277120
0,14419456
0,14626304
0,14623232
0,14310912
0,14350336
0,13836288
0,13953024
0,13813248
0,13550080
0,13813248
0,13309952
0,13863936
0,13830144
0,13944320
0,13547008
0,12995072
0,13205504
0,13624320
0,13315072
0,14039552
0,13765632
0,14177792
0,14489600
0,14953984
0,14264320
0,14702592
0,13802496
0,14019584
0,13267456
0,13958656
0,14998528
0,15019008
0,15329792
0,15424512
0,15544320
0,14556672
0,14271488
0,14053888
0,14391296
0,14292480
0,14032896
0,13824512
0,14055936
0,13700608
0,13208576
0,12895744
0,13527040
0,13381120
0,13211648
0,13045248
0,12931072
0,13223424
0,13204480
0,13494784
0,13801472
0,13862912
0,13793280
0,13866496
0,13468160
0,12633600
0,13475840
0,12621312
0,12724224
0,12261888
0,12652032
0,12144640
0,11965952
0,10890752
0,10469888
0,10070528
0,8965632
0,8851456
0,8675840
0,8615936
0,8486912
0,8780800
0,8577536
0,8003584
0,7548416
0,7315456
0,6641152
0,6580736
0,5930496
0,5671936
0,5499904
0,5773824
0,5228544
0,4580352
0,4531712
0,2937344
0,2855936
0,1805312
0,2152960
0,913408
0,1555456
0,1750016
0,1034752
0,1672704
0,516096
0,1034240
1,-293888
0,27648
1,-232448
1,-219648
1,-476160
0,519168
0,1012224
0,1052160
0,1054720
0,769536
0,801792
0,1008640
0,308736
1,-87040
0,208384
1,-89600
1,-205312
1,-463360
0,225792
0,91136
1,-55808
0,6865920
0,7247872
0,7728128
0,7452672
0,8503808
0,8193024
0,8370176
0,9212928
0,8703488
0,8514560
0,8196608
0,8630272
0,8902656
0,8824832
0,9386496
0,9524224
0,9979392
0,9535488
0,9496576
0,9230336
0,8828416
0,8426496
0,8568832
0,8796672
0,9153536
0,8829952
0,8947712
0,9290752
0,9364480
0,8833536
0,9401856
0,8102400
0,8266752
0,8645632
0,8664064
0,9360384
0,10446848
0,10273280
0,10756096
0,10840576
0,10787328
0,10757632
0,10341888
0,10830848
0,10834944
0,11937280
0,11954688
0,12911616
0,12791296
0,13351936
0,12432384
0,11960320
0,12529152
0,11347968
0,12116992
0,11587072
0,11592704
0,12643328
0,12366848
0,12514816
0,11979264
0,11750400
0,11131904
0,11288576
0,10954752
0,10980864
0,11425792
0,11448832
0,12560384
0,13248000
0,13121024
0,12780032
0,12480000
0,12148736
0,12165120
0,12261376
0,11701760
0,11496448
0,11507200
0,12338688
0,12253696
0,11491328
0,12224000
0,10823168
0,11131904
0,10822144
0,10470400
0,11055616
0,10761728
0,11131392
0,12093440
0,11645952
0,12311552
0,12075520
0,11569152
0,12303360
0,11810304
0,12509184
0,11911168
0,12918784
0,14118912
0,14662144
0,14720000
0,14753792
0,15174144
0,14797824
0,15149056
0,14676480
0,14520832
0,14717952
0,14235136
0,15345664
0,15095296
0,15397376
0,15270912
0,15091200
0,14930432
0,14912512
0,14519808
0,14896640
0,15556096
0,16200192
0,16607232
0,17197568
0,15928832
0,17351680
0,16848384
0,16687616
1,-16487424
1,-16214016
1,-16508928
1,-17590272
1,-18065920
1,-18426368
1,-18883584
1,-18980864
1,-19883520
1,-19362816
1,-20156416
1,-19515904
1,-20174848
1,-21001728
1,-20264960
1,-21121536
1,-21224960
1,-21217792
1,-21692928
1,-22379520
1,-22279680
1,-23096832
1,-24172032
1,-24384000
1,-25962496
1,-24760320
1,-24727552
1,-23484928
1,-24820736
1,-23573504
1,-23530496
1,-24537600
1,-24775680
1,-23938560
1,-23725568
1,-23851008
1,-23980032
1,-23960064
1,-24731648
1,-24174080
1,-24439808
1,-25180160
1,-25246208
1,-26486272
1,-26635776
1,-26851328
1,-27481088
1,-27246080
1,-27508224
1,-27767808
1,-27551744
1,-28056576
1,-27581952
1,-28194304
1,-28224000
1,-28504576
1,-28362752
1,-29274624
1,-29425152
1,-30053376
1,-29490176
1,-29619712
1,-29516800
1,-29559296
1,-29810688
1,-30384128
1,-30732288
1,-31545344
1,-31997440
1,-32225792
1,-31575040
1,-32552960
1,-32261120
1,-32180736
1,-32883712
1,-32900096
1,-32823296
1,-32437248
1,-32437248
1,-33226240
1,-32547840
1,-32879104
1,-33174016
1,-33418240
1,-33043456
1,-33126912
1,-33049088
1,-33277440
1,-32907776
1,-32994304
1,-32768000
1,-32963584
1,-33222656
1,-32440832
1,-32196608
1,-33640960
1,-33197056
1,-32847360
1,-32379904
1,-32273920
1,-31699968
1,-31951360
1,-31781888
1,-32312320
1,-32115200
1,-32877568
1,-33952256
1,-33557504
1,-34290688
1,-34789888
1,-34708480
1,-34202112
1,-34436096
1,-34012160
1,-34130432
1,-33685504
1,-33614848
1,-34819584
1,-35037184
1,-35075072
1,-35350528
1,-35535872
1,-35159552
1,-35513344
1,-35224576
1,-34990592
1,-34338816
1,-35352064
0,59372032
0,59648512
0,60067840
0,60793344
0,60724224
0,60485632
0,60547072
0,60533760
0,61320192
0,62257152
0,62394368
0,62572544
0,62335488
0,62668800
0,62327808
0,61169152
0,60417024
0,59778560
0,58828288
0,58904064
0,58119168
0,58369024
0,57309696
0,56527360
0,55801856
0,53809664
0,53440512
0,52335616
0,51177472
0,50995200
0,49870848
0,50445824
0,48933888
0,48091136
0,47629824
0,46882304
0,45864960
0,45179392
0,43524096
0,42380800
0,41444864
0,41000960
0,40430592
0,39071744
0,38575104
0,38342656
0,36583936
0,36458496
0,34713088
0,33652736
0,33247232
0,32802304
0,32253440
0,31656960
0,31773184
0,30953984
0,30575104
0,29506048
0,29165056
0,28129792
0,27543552
0,27300352
0,26762752
0,27254272
0,27416576
0,27195392
0,27985920
0,28238848
0,27149312
0,27228160
0,27148800
0,27078144
0,27468288
0,27738624
0,28703744
0,29176320
0,30263296
0,29871616
0,29995008
0,30255616
0,30319616
0,30534656
0,28913152
0,30380032
0,30147584
0,31192576
0,31186944
0,32053760
0,33304064
0,33641472
0,33210880
0,33603072
0,35013120
0,34850304
0,35344896
0,35574272
0,36421120
0,36168704
0,36773888
0,36677120
0,36545536
0,36653568
0,36527616
0,36065792
0,36795392
0,36958720
0,37081088
0,37934592
0,37395968
0,37900800
0,36719104
0,36449792
0,36275200
0,36061696
0,35144704
0,34808320
0,34251264
0,34973184
0,34221568
0,34435072
0,33647616
0,33158144
0,31818240
0,31047168
0,29907456
0,29603840
0,28591104
0,29071360
0,7623168
0,8109568
0,8081408
0,8199168
0,9274880
0,9373184
0,10001408
0,9922048
0,9910784
0,9442816
0,9286144
0,8960000
0,8857600
0,9150464
0,9380864
0,9759232
0,9956352
0,10437120
0,10386944
0,10736640
0,9886720
0,10026496
0,9389056
0,10153472
0,10719744
0,11251200
0,11716096
0,11982336
0,12350976
0,12596736
0,12132352
0,11697152
0,11987968
0,11759104
0,11678208
0,11079680
0,11892736
0,12339200
0,12293120
0,12720128
0,12852224
0,12593152
0,12152832
0,11320832
0,11940864
0,11403776
0,12049408
0,12862464
0,12801024
0,12960768
0,12514816
0,12810752
0,12442624
0,11773440
0,11870720
0,11360256
0,11191296
0,11789312
0,11907072
0,12317184
0,12352512
0,12208640
0,11786240
0,12095488
0,11233280
0,11979264
0,11205120
0,11200512
0,12336128
0,11344384
0,12209664
0,12995072
0,12391424
0,11981824
0,12369920
0,11847680
0,11171840
0,10707968
0,11497984
0,10904064
0,11503616
0,11648512
0,11468800
0,11688448
0,11181568
0,11265536
0,11101184
0,11175936
0,10843136
0,11358208
0,11887104
0,12722176
0,12564992
0,13124096
0,12721152
0,12473856
0,12470784
0,11653120
0,11765248
0,11371008
0,11141632
0,11598336
0,11432960
0,11831296
0,11592704
0,11235328
0,10116608
0,9940992
0,9831936
0,9729024
0,9689088
0,10361344
0,9989632
0,10696192
0,10778624
0,10226688
0,9971712
0,9510400
0,8741888
0,8228352
0,8554496
0,8540672
0,9246720
0,8201216
0,9324544
0,8841216
0,8185344
0,7593472
1,-13941248
1,-13517824
1,-13335552
1,-12924416
1,-12983808
1,-13296640
1,-12185088
1,-12236800
1,-13825024
1,-13419520
1,-13231104
1,-13537792
1,-13596672
1,-13338624
1,-12911616
1,-12126208
1,-11867136
1,-12255232
1,-11880960
1,-11749888
1,-12206080
1,-12172800
1,-12420608
1,-11739136
1,-11678208
1,-11329024
1,-11096576
1,-11209728
1,-11322368
1,-10640896
1,-11190272
1,-11374592
1,-12018176
1,-12468224
1,-11691008
1,-11751424
1,-11516416
1,-11234816
1,-11848192
1,-11734016
1,-11896832
1,-12194304
1,-12283392
1,-12242944
1,-11600896
1,-12357632
1,-12022784
1,-10533376
1,-11302912
1,-11304960
1,-11208192
1,-11448832
1,-11784192
1,-12624896
1,-12293632
1,-11333632
1,-11752448
1,-11317760
1,-10947584
1,-10156032
1,-11086848
1,-10721280
1,-10716672
1,-11205632
1,-10937856
1,-11384320
1,-11172864
1,-10578432
1,-10446336
1,-10021888
1,-9134592
1,-9899008
1,-9817600
1,-9709056
1,-10422784
1,-11531776
1,-10131968
1,-10528256
1,-9643520
1,-9354752
1,-9742848
1,-8940032
1,-9675264
1,-9574912
1,-10780160
1,-9914368
1,-10309120
1,-10351104
1,-10771456
1,-10285568
1,-9739776
1,-9771008
1,-9434112
1,-9726464
1,-9981952
1,-10028032
1,-10405376
1,-9379840
1,-9574912
1,-9096704
1,-9735168
1,-8873984
1,-8406016
1,-7961600
1,-8088576
1,-7800320
1,-8785920
1,-8184832
1,-8204288
1,-7977472
1,-7404544
1,-7298560
1,-6957056
1,-6920704
1,-7364096
1,-6886912
1,-7078912
1,-6775296
1,-7156224
1,-7355392
1,-6840320
1,-6187008
1,-5778432
1,-5401600
1,-4683264
1,-5642752
1,-5228032
1,-6050304
1,-8381952
1,-7782400
1,-8340480
1,-8923136
1,-8866304
1,-8759296
1,-9014272
1,-8132608
1,-7428096
1,-7324160
1,-6987264
1,-6739456
1,-6438400
1,-6552576
1,-7277056
1,-7517184
1,-7201280
1,-7499264
1,-6612480
1,-6217728
1,-6602240
1,-6193152
1,-6084096
1,-6215680
1,-5952512
1,-6523392
1,-6532608
1,-6644736
1,-6432256
1,-6074368
1,-5869568
1,-5637120
1,-5481984
1,-4412416
1,-5149184
1,-5016576
1,-5919744
1,-5566464
1,-5809664
1,-6168576
1,-5195264
1,-5011968
1,-4815360
1,-5077504
1,-4576768
1,-5024768
1,-4767232
1,-5666816
1,-5662208
1,-5394432
1,-5395968
1,-5097472
1,-4354048
1,-3884544
1,-4200448
1,-3839488
1,-3777536
1,-3850752
1,-3740672
1,-4668928
1,-5038592
1,-4331008
1,-4055040
1,-3407872
1,-2880512
1,-2903040
1,-2789376
1,-2742784
1,-3194368
1,-3009024
1,-3542016
1,-4017664
1,-2951680
1,-3095040
1,-3490816
1,-2700288
1,-3158016
1,-3292672
1,-2991616
1,-3368448
1,-3521536
1,-3779072
1,-3873280
1,-3188224
1,-3297280
1,-2933760
1,-2575360
1,-2399232
1,-2148864
1,-1929216
1,-3507712
1,-2324992
1,-2693632
1,-2521088
1,-2384384
1,-1546240
1,-1350144
1,-1371136
1,-327680
1,-900096
1,-753152
1,-1106432
1,-1371136
1,-1251840
1,-1103360
1,-1340928
1,-685056
1,-614912
0,376320
0,662528
0,1082368
0,582656
0,667136
0,1006592
0,1083392
0,797184
0,1136128
0,2005504
0,1744384
0,2066944
0,3060224
0,2373120
0,2716160
0,1807360
0,2110464
0,2910208
0,3171328
0,3941888
0,29924352
0,30249472
0,30206464
0,30283776
0,29429248
0,28992000
0,29385728
0,29431296
0,29255680
0,30250496
0,30159872
0,30301696
0,29974528
0,30350848
0,29497856
0,29240320
0,28721152
0,28419072
0,29251584
0,28865536
0,29537280
0,29648384
0,29904384
0,30074368
0,29543936
0,28819968
0,28667392
0,28139520
0,28653056
0,27994624
0,29100032
0,29048832
0,29250048
0,28754432
0,28781056
0,28423168
0,28466688
0,27133952
0,27918848
0,27571712
0,28518400
0,29229056
0,29645824
0,30040576
0,30316032
0,30182400
0,29365248
0,29111296
0,27925504
0,27917824
0,27926016
0,27291136
0,28025856
0,28427776
0,28250112
0,29071872
0,28335616
0,28515328
0,28393984
0,27608064
0,27313664
0,27971072
0,27913728
0,28267008
0,28719104
0,29090816
0,29077504
0,28835840
0,28307968
0,28165632
0,27896832
0,28194816
0,28216320
0,28633600
0,28535808
0,28912640
0,29212160
0,28497408
0,27631616
0,27020800
0,26310656
0,26418688
0,26361344
0,26461184
0,26017280
0,26500608
0,27018752
0,27092480
0,26459648
0,25948672
0,25354752
0,24841216
0,24445952
0,23397376
0,23736832
0,24346112
0,24580608
0,24256000
0,23736832
0,23110144
0,22529024
0,22467584
0,22159360
0,22220288
0,21578752
0,22035456
0,21964800
0,22029312
0,22070784
0,21796864
0,21187072
0,20701696
0,20287488
0,19447808
0,19085824
0,19419136
0,19279872
0,19810304
0,21042688
0,21110784
0,20869120
0,20610048
0,20625408
0,19592192
0,19790336
0,19116032
0,20113920
0,20150784
1,-18898944
1,-18514432
1,-18893824
1,-18624000
1,-19705856
1,-19501568
1,-19584512
1,-20034560
1,-20519424
1,-21764096
1,-21538816
1,-21071360
1,-20963328
1,-20426240
1,-20880896
1,-21592064
1,-21752320
1,-21639168
1,-22319104
1,-22651392
1,-23969792
1,-23086080
1,-22904320
1,-21858304
1,-22138880
1,-21543936
1,-22364672
1,-22388224
1,-23029760
1,-23464448
1,-24159744
1,-23862784
1,-23729664
1,-23174656
1,-23328768
1,-22668800
1,-23189504
1,-23434752
1,-22725120
1,-23687168
1,-24399360
1,-23930368
1,-24036352
1,-23638016
1,-23527936
1,-23218688
1,-22842880
1,-23058944
1,-22574080
1,-22450176
1,-23227904
1,-22458880
1,-22836224
1,-22662656
1,-21894656
1,-21536768
1,-22678016
1,-22146048
1,-22618112
1,-22132736
1,-22284288
1,-22397952
1,-22598144
1,-22657024
1,-21880832
1,-21862912
1,-21754880
1,-21056000
1,-21911552
1,-20788736
1,-22011904
1,-21981184
1,-22451712
1,-22479360
1,-22316544
1,-22552064
1,-21879296
1,-21848064
1,-20854272
1,-20321280
1,-21397504
1,-21612032
1,-21736448
1,-21955584
1,-22490112
1,-22403072
1,-22138368
1,-21796864
1,-21706240
1,-21144064
1,-21045248
1,-22471680
1,-21972992
1,-22084096
1,-21958144
1,-22618624
1,-22563328
1,-22699008
1,-21957632
1,-21809152
1,-21954560
1,-21200896
1,-21658112
1,-22215680
1,-22574592
1,-22285312
1,-23187456
1,-22841344
1,-22289920
1,-21873152
1,-21449728
1,-21391872
1,-21725184
1,-21548032
1,-22317056
1,-21944320
1,-22356992
1,-22573568
1,-22121984
1,-21841920
1,-21684224
1,-21457408
1,-21416448
1,-21964800
1,-22130176
1,-22289408
1,-22878208
1,-22562304
0,337408
1,-910336
1,-1488384
1,-1498112
1,-2148352
1,-700416
1,-111104
1,-185856
0,82432
1,-55296
1,-771584
1,-460288
1,-1044992
1,-1970176
1,-1889280
1,-908288
1,-796160
1,-472064
1,-971776
1,-352768
1,-471040
1,-204288
0,651264
1,-670720
1,-870400
1,-1532416
1,-2196480
1,-1666560
1,-1822208
1,-1308160
1,-1526784
1,-1793024
1,-3243520
1,-3169792
1,-2789888
1,-3231232
1,-3439104
1,-2936320
1,-2767872
1,-4392448
1,-3817984
1,-5052928
1,-5523968
1,-5985280
1,-6638592
1,-6105088
1,-7448576
1,-8405504
1,-9299968
1,-8576000
1,-8984064
1,-9056768
1,-8790528
1,-9624064
1,-9953792
1,-10068480
1,-11126784
1,-11709952
1,-11531776
1,-11764224
1,-12185088
1,-11638272
1,-11769856
1,-11836928
1,-11963392
1,-12248576
1,-12676096
1,-12744192
1,-13934080
1,-14234112
1,-13950976
1,-14321152
1,-13428224
1,-12259840
1,-12729344
1,-13398528
1,-13724160
1,-14565888
1,-15513088
1,-16070144
1,-15064064
1,-14481920
1,-14173184
1,-14531072
1,-13435392
1,-13935104
1,-13892608
1,-13429760
1,-13438976
1,-15027200
1,-13778944
1,-14030848
1,-12989952
1,-11962368
1,-11299840
1,-11654144
1,-12254720
1,-11162112
1,-11696640
1,-11101184
1,-11042304
1,-10270208
1,-9931264
1,-9354240
1,-10104832
1,-8267776
1,-7880704
1,-8176128
1,-6550528
1,-7066624
1,-7643648
1,-6947840
1,-6963200
1,-6950400
1,-5978624
1,-5364224
1,-6074880
1,-5431296
1,-4649472
1,-5170688
1,-5317632
1,-5425152
1,-4911616
1,-5174784
1,-4845568
1,-5565440
1,-6099968
1,-5615616
1,-10492416
1,-8764416
1,-8595456
1,-9261056
1,-6362112
1,-9785856
1,-7295488
1,-7479296
1,-9618944
1,-12161536
1,-6239744
1,-6698496
1,-8974848
1,-6822400
1,-7816192
1,-9967104
1,-9142784
1,-6088704
1,-5621248
1,-5037568
1,-7925760
1,-7134720
1,-9561600
1,-4523008
1,-5028864
1,-6159360
1,-2014720
1,-2683904
1,-3534848
1,-6157824
1,-4788736
1,-6024704
1,-2166272
1,-604672
1,-3224576
1,-3004416
1,-4441600
1,-6917120
1,-5368832
1,-2143232
1,-196096
0,1963008
1,-407040
1,-2661888
1,-2793472
0,283648
0,2274304
1,-247808
0,242688
1,-70144
1,-3155456
1,-2391040
1,-2294784
1,-2321408
1,-3644928
1,-5194752
1,-7171072
1,-5576704
1,-3012096
1,-3749888
1,-1096192
1,-745472
1,-934912
0,685056
1,-917504
1,-1806336
1,-1146368
0,3405312
0,2794496
0,2126848
0,2519552
0,505856
1,-221696
1,-541184
0,3001344
0,1551360
0,3429888
0,5999616
0,951808
1,-2281472
0,1976832
0,1420800
1,-867840
1,-1801728
1,-2432512
0,3584
0,1722880
0,153600
1,-1804288
0,718848
0,2547712
0,6034432
0,2992640
0,3240960
0,728576
0,867328
0,1359360
1,-1116672
0,1286656
0,3820032
0,2774528
0,957952
1,-859648
1,-537600
0,1334784
0,3514880
0,5123072
0,3807232
0,3189248
0,3912704
0,1487360
0,2544128
0,4502528
0,7706112
0,6933504
0,7222272
0,8049152
0,6446080
0,5377024
0,5512704
0,5533696
0,6908416
0,7260160
0,6300160
0,5987328
0,8634880
0,4602368
0,3877376
0,13716480
0,13522432
0,13361152
0,12599808
0,13016064
0,12827136
0,13367808
0,12227584
0,13356032
0,13365248
0,14333952
0,14122496
0,14227968
0,14401536
0,13584384
0,13258240
0,13032960
0,13356032
0,13386240
0,13956096
0,13914624
0,14028800
0,14642176
0,14344704
0,13329408
0,13299200
0,13109760
0,12782592
0,13265920
0,13744128
0,13905408
0,14652928
0,14633984
0,14730240
0,14534656
0,15513088
0,14396416
0,14728192
0,14633472
0,14414336
0,15327744
0,15417344
0,14831616
0,15687168
0,15764992
0,16157696
0,15330816
0,15504896
0,15458816
0,15101952
0,15514112
0,15852032
0,16120320
0,16050176
0,15847936
0,15833600
0,15740416
0,15462400
0,15426048
0,15104000
0,15153152
0,15610880
0,15789568
0,15687168
0,16195584
0,16374784
0,15796736
0,14956544
0,14715392
0,14840320
0,14150656
0,14545408
0,14701568
0,14360576
0,14267392
0,14343168
0,14180864
0,14624256
0,13851136
0,14476288
0,13886464
0,13550592
0,13553664
0,13440000
0,14498816
0,14161920
0,14639104
0,14657536
0,15255552
0,14392320
0,14088704
0,14261248
0,13577728
0,14795776
0,13604352
0,14895104
0,14884864
0,14637568
0,15076864
0,14717952
0,14569472
0,14145536
0,13872640
0,13558784
0,14402048
0,14536704
0,15135744
0,15206400
0,15218688
0,15210496
0,15111680
0,15105024
0,14168064
0,14284288
0,14697984
0,14575104
0,14964224
0,15233024
0,13983232
0,14543872
0,14284800
0,14237184
0,13944832
0,13143040
0,13741568
0,12708864
0,12748800
0,13016576
1,-15533568
1,-15910400
1,-15474176
1,-16750080
1,-16761856
1,-16920576
1,-17307648
1,-17020416
1,-17224192
1,-16852480
1,-16698368
1,-16187904
1,-15763456
1,-15435264
1,-14233600
1,-14156288
1,-13751296
1,-13134336
1,-13814784
1,-14239232
1,-14446080
1,-13769216
1,-15287808
1,-14764032
1,-14454784
1,-14845440
1,-14977024
1,-15385088
1,-14798336
1,-15844352
1,-14625792
1,-14375936
1,-14830592
1,-14194176
1,-13745664
1,-14241792
1,-13568000
1,-14826496
1,-15076352
1,-15218176
1,-16019968
1,-15446528
1,-16322048
1,-16509440
1,-16799232
1,-16234496
1,-16492544
1,-16629760
1,-17288704
1,-18391040
1,-18948608
1,-19884032
1,-20534784
1,-21706752
1,-20754944
1,-21495808
1,-20768256
1,-22006784
1,-22621696
1,-22969344
1,-23458304
1,-24045568
1,-24229888
1,-25527296
1,-25160192
1,-25638912
1,-25621504
1,-26982912
1,-27640832
1,-28099072
1,-29494272
1,-30632448
1,-31478784
1,-32177152
1,-31843328
1,-32986624
1,-32608768
1,-32486912
1,-32764416
1,-32704512
1,-32642048
1,-32397312
1,-32875520
1,-33390080
1,-33413120
1,-32973312
1,-33096704
1,-33464320
1,-32951808
1,-33815040
1,-33743872
1,-33305600
1,-34170880
1,-33671680
1,-33744896
1,-33185792
1,-32369664
1,-32350720
1,-31906816
1,-30945792
1,-30983168
1,-30165504
1,-30648320
1,-30886400
1,-29823488
1,-29811200
1,-29696512
1,-29816832
1,-29672960
1,-28654592
1,-28833792
1,-27507200
1,-27829760
1,-27161600
1,-27379200
1,-26978304
1,-26576384
1,-26135040
1,-25410560
1,-24804352
1,-24957952
1,-24139264
1,-23821312
1,-24014336
1,-23722496
1,-23655424
1,-24276992
1,-23358976
0,11769856
0,11082752
0,10973184
0,10910720
0,10565632
0,10491904
0,10486784
0,9669120
0,8295936
0,7671296
0,6255104
0,5864448
0,4558336
0,3426816
0,2741248
0,2460160
0,1355776
0,444416
1,-1100288
1,-1508864
1,-2847232
1,-4670464
1,-4934656
1,-5827072
1,-6431744
1,-7086080
1,-7442432
1,-7810560
1,-8799232
1,-8439296
1,-9790464
1,-10605568
1,-11911168
1,-12033024
1,-11836416
1,-12857344
1,-12810752
1,-12995584
1,-12924416
1,-13242368
1,-13707776
1,-13564416
1,-14689792
1,-15024128
1,-16426496
1,-16548352
1,-17624576
1,-16202240
1,-16709632
1,-16760832
1,-17227776
1,-16951296
1,-16488960
1,-16753152
1,-16941056
1,-16894464
1,-16970752
1,-16401920
1,-15779840
1,-14836736
1,-14961152
1,-13875200
1,-13342720
1,-13353984
1,-12603904
1,-12857856
1,-12320768
1,-12187136
1,-11324928
1,-10238464
1,-9618432
1,-9042432
1,-8183296
1,-8022528
1,-8101888
1,-7505920
1,-7142400
1,-6266368
1,-6462464
1,-5797888
1,-5673984
1,-5780992
1,-4902400
1,-4578304
1,-4909568
1,-5404160
1,-6230528
1,-5144064
1,-5595136
1,-5873664
1,-5103104
1,-5406208
1,-5301248
1,-4301312
1,-5062656
1,-4628480
1,-5058048
1,-4974080
1,-6606848
1,-6962688
1,-7791616
1,-7693312
1,-7692288
1,-9190912
1,-9680384
1,-11016192
1,-11721216
1,-12483584
1,-13232640
1,-13635072
1,-15384064
1,-16017408
1,-17187328
1,-17138176
1,-17843200
1,-17584128
1,-20132864
1,-21303808
1,-21835264
1,-23577088
1,-24574976
1,-25180160
1,-26327040
1,-27181056
1,-27859968
1,-27378688
1,-27883520
1,-28951040
0,19657728
0,19993088
0,19760640
0,19531776
0,19141120
0,18528768
0,18819072
0,18888192
0,18893824
0,19711488
0,19677696
0,20002816
0,19437568
0,20232192
0,19313152
0,19233280
0,18960384
0,18636288
0,17946624
0,18626048
0,18918912
0,18997760
0,19294720
0,18824704
0,18913280
0,18022912
0,17834496
0,17680384
0,17303040
0,17650176
0,16978432
0,17967616
0,18301440
0,18536448
0,18926080
0,18582016
0,18380800
0,18070528
0,17759744
0,18044928
0,18126336
0,17632768
0,18266112
0,17766400
0,18681856
0,18976256
0,18071552
0,18352128
0,17317888
0,17288192
0,16966144
0,17278464
0,17907712
0,17754624
0,17807872
0,17745408
0,18580480
0,17652736
0,17683456
0,16816640
0,16767488
0,16782848
0,16411136
0,17132032
0,16700928
0,17704960
0,17075712
0,17000960
0,16339968
0,16341504
0,16134144
0,15173120
0,15327744
0,14469120
0,15646720
0,15220224
0,15049216
0,15498240
0,15657984
0,14703104
0,13970944
0,13981184
0,13313536
0,13464576
0,12665344
0,13522944
0,13313536
0,13451264
0,13352960
0,12773376
0,12461056
0,11787264
0,11577856
0,11384320
0,11227648
0,11307520
0,11544064
0,11024896
0,11347968
0,11070976
0,9597952
0,9883648
0,8786944
0,9329664
0,8881152
0,7980544
0,8591872
0,9106432
0,8514560
0,9394688
0,9069568
0,8625664
0,7721984
0,7848448
0,6980608
0,7523840
0,7276544
0,7990784
0,7876608
0,7199744
0,7064576
0,6135296
0,7183872
0,5512192
0,6203904
0,5036544
0,5445120
0,5910016
0,16652800
0,16771072
0,16315392
0,15709696
0,15410176
0,14983680
0,15011840
0,15386624
0,16066560
0,16312832
0,16143360
0,16505344
0,15715840
0,15
