0,1178624
0,1215488
0,1919488
0,1998336
0,3536384
0,290988
0,1998336
0,3536384
0,290988
0,1998336
0,3536384
0,290988
0,1998336
0,3536384
0,290988
0,1998336
0,3536384
0,290988
0,1998336
0,3536384
0,290988
0,1998336
0,3536384
0,290988
0,1998336
0,3536384
0,290988
0,1998336
0,3536384
0,290988
0,1998336
0,3536384
0,290988
0,1998336
0,3536384
0,2909696
0,3469312
0,2333184
0,1812992
0,570368
0,397824
0,604672
0,780288
0,1622528
0,2809344
0,3515392
0,3175424
0,2255360
0,2356736
0,1034240
1,-22815744
1,-23501824
1,-22994432
1,-24031744
1,-24041472
1,-23872000
1,-24926208
1,-24647168
1,-24731648
1,-24972288
1,-23322624
1,-23851008
1,-25330176
1,-25753088
1,-25072128
1,-26303488
1,-27655168
1,-27190272
1,-27151360
1,-26679808
1,-27408384
1,-26714112
1,-27777536
1,-28546560
1,-28115968
1,-29083136
1,-29637120
1,-29321216
1,-30302720
1,-29951488
1,-29466112
1,-29401088
1,-29975552
1,-30617088
1,-31153664
1,-31370240
1,-30396416
1,-32303104
1,-31726592
1,-31850496
1,-32583168
1,-32248320
1,-31031296
1,-31337984
1,-32370688
1,-32046080
1,-32833536
1,-32972288
1,-33865216
1,-34352128
1,-34375680
1,-35034112
1,-34099200
1,-33686528
1,-33909248
1,-34249216
1,-34910208
1,-35695104
1,-35715072
1,-35195392
1,-36913664
1,-36320256
1,-36243456
1,-36344832
1,-36565504
1,-37862912
1,-36440576
1,-37359104
1,-36638720
1,-36837888
1,-37539328
1,-37565952
1,-37982208
1,-37326336
1,-38201344
1,-36683776
1,-37782016
1,-37701632
1,-38103552
1,-39176192
1,-39003136
1,-39278080
1,-39892992
1,-39905280
1,-38841856
1,-39644160
1,-39055872
1,-39738880
1,-39442944
1,-39640576
1,-41353216
1,-40911360
1,-41069568
1,-41292288
1,-41431040
1,-41478656
1,-41015808
1,-41633280
1,-41653760
1,-41518080
1,-41507328
1,-41312768
1,-42304000
1,-43717120
1,-43884544
1,-42664448
1,-41756160
1,-42832896
1,-42070016
1,-42403840
1,-42107904
1,-41361408
1,-42081792
1,-42741760
1,-42882048
1,-43679232
1,-42752512
1,-41120256
1,-42606592
1,-41564672
1,-42136576
1,-42874880
1,-42858496
1,-42928128
1,-42728448
1,-43271168
1,-42561024
1,-43249664
1,-18011648
1,-18767360
1,-18274816
1,-18551296
1,-17336320
1,-19156992
1,-18430976
1,-18201088
1,-17233408
1,-19445248
1,-18652672
1,-18324480
1,-19128320
1,-18501120
1,-18869760
1,-20065792
1,-18806784
1,-19227136
1,-17452544
1,-18359808
1,-18263040
1,-18282496
1,-18824192
1,-18629632
1,-20247552
1,-19550208
1,-18548736
1,-18313728
1,-18288128
1,-17875968
1,-19307520
1,-18062336
1,-18358784
1,-18894336
1,-17337344
1,-18861568
1,-18827264
1,-18454016
1,-16799744
1,-16389632
1,-17565696
1,-17381888
1,-16350208
1,-17683456
1,-18539008
1,-17663488
1,-17966080
1,-17560064
1,-17253376
1,-17730560
1,-18421760
1,-18193920
1,-18304512
1,-18028544
1,-18312704
1,-17614848
1,-18295296
1,-17661952
1,-18555392
1,-18756096
1,-18589184
1,-17430016
1,-18135040
1,-16060416
1,-16311296
1,-16919552
1,-16698368
1,-16215040
1,-16340992
1,-17101824
1,-16173056
1,-16219648
1,-16567808
1,-15454208
1,-16339968
1,-15984640
1,-16550912
1,-15185408
1,-16159232
1,-14819328
1,-15607808
1,-16122368
1,-15390720
1,-15155712
1,-12834816
1,-14490112
1,-12878848
1,-12988928
1,-14143488
1,-13437440
1,-14450688
1,-13976064
1,-14312448
1,-14105600
1,-13167616
1,-14211584
1,-14543872
1,-13964288
1,-13491712
1,-13747200
1,-14048768
1,-13672960
1,-13202432
1,-13951488
1,-13505536
1,-13898752
1,-13644288
1,-14100480
1,-14282752
1,-13360640
1,-13796352
1,-14380544
1,-14501888
1,-13781504
1,-14362112
1,-14389760
1,-13427200
1,-13406720
1,-13419008
1,-13736448
1,-13247488
1,-14082560
1,-13574656
1,-13256192
1,-14188544
1,-13398016
1,-14107136
1,-12979712
0,27239424
0,26832384
0,25860096
0,24391680
0,22800896
0,23754752
0,23164928
0,22642176
0,23517696
0,23318016
0,23382016
0,23741952
0,24465408
0,23795200
0,24598528
0,23469568
0,24366080
0,22569984
0,23207936
0,24223744
0,23939584
0,26200576
0,25561088
0,25648640
0,26502144
0,26841600
0,26749952
0,27462144
0,27754496
0,28508672
0,29450240
0,31018496
0,31077376
0,31091712
0,33418752
0,33126400
0,32496128
0,34216448
0,34838016
0,35450880
0,35118080
0,35701760
0,37115392
0,38819328
0,39113728
0,41218560
0,41270784
0,42243584
0,42840064
0,43983360
0,43243008
0,44369408
0,43057152
0,43713536
0,44601344
0,45556224
0,45755904
0,47136768
0,45703168
0,45829632
0,45968896
0,45572096
0,46157824
0,45952512
0,45488128
0,45675520
0,45582848
0,46631424
0,45654528
0,45073920
0,44126208
0,44160512
0,43931648
0,42465280
0,42581504
0,41806848
0,42273792
0,41660416
0,42110464
0,41676800
0,41335296
0,40236544
0,39635968
0,40868352
0,40535040
0,41734144
0,41129984
0,42188800
0,41239040
0,41694720
0,41790976
0,40468992
0,40896512
0,40887296
0,41053184
0,41062400
0,41776128
0,41039872
0,42422272
0,41580544
0,42377728
0,42548736
0,41756672
0,42521600
0,42748416
0,41639936
0,42601984
0,42551296
0,43301376
0,44297728
0,44674048
0,43396096
0,43476992
0,44985344
0,43028992
0,44191232
0,44260864
0,43950592
0,44986368
0,45528064
0,45901312
0,46339072
0,45893120
0,45856256
0,46267392
0,46512640
0,46043136
0,47327232
0,26579968
0,28160000
0,28968960
0,29897216
0,30431232
0,31052288
0,31584256
0,31492608
0,32196608
0,32957440
0,33322496
0,33914368
0,35075584
0,35306496
0,35288064
0,35533312
0,36257280
0,34548224
0,34839040
0,34650624
0,34020864
0,33810432
0,33958912
0,33890304
0,33673728
0,32993280
0,33325056
0,33988608
0,33166336
0,32526336
0,33018368
0,32079872
0,31652864
0,32088064
0,31684608
0,32146944
0,31936512
0,30746624
0,30374912
0,29222912
0,28009984
0,27261952
0,26335744
0,25583616
0,24954880
0,24349696
0,23419904
0,22637568
0,23529472
0,22592512
0,21257728
0,21782016
0,20431872
0,20776448
0,21016576
0,21207040
0,20825600
0,21409280
0,20500992
0,20085248
0,19832832
0,19728896
0,19921920
0,19666944
0,19801088
0,20070400
0,20519424
0,20619776
0,21067264
0,20751360
0,20605440
0,20624384
0,19887616
0,19734016
0,20393472
0,20996608
0,20937728
0,22481920
0,22527488
0,23351808
0,24039936
0,23877120
0,24650752
0,24527360
0,25300480
0,26142720
0,26872320
0,28797440
0,29959168
0,31669760
0,32767488
0,33768960
0,33672704
0,35127296
0,35930112
0,36412928
0,35903488
0,37914624
0,38535168
0,39183360
0,39680512
0,39686144
0,40791040
0,40907776
0,38849536
0,39701504
0,39008768
0,39479808
0,39113728
0,40324096
0,40857600
0,42714624
0,41659904
0,42635776
0,41046528
0,40987648
0,42096128
0,40556544
0,41705472
0,41385472
0,40561152
0,40119296
0,39797760
0,39301632
0,39018496
0,38443520
0,38141440
0,37812224
0,15739392
0,15278080
0,15449600
0,16220160
0,16697856
0,16668160
0,16593920
0,16638464
0,16330240
0,15549440
0,15791104
0,15176192
0,15373312
0,14553600
0,14507520
0,14767104
0,14648320
0,14138880
0,14111744
0,14553600
0,13970944
0,13467648
0,13072896
0,12292096
0,12306432
0,12501504
0,12184576
0,12744192
0,12464128
0,11075072
0,11032576
0,10447872
0,10823168
0,11314176
0,11340288
0,11665920
0,12676096
0,12647424
0,12941312
0,13316608
0,13263872
0,12848640
0,12628992
0,12023808
0,12739584
0,11752960
0,11389440
0,11492352
0,10791424
0,10846720
0,9675264
0,9451008
0,9460736
0,8699392
0,8417792
0,8826880
0,9278976
0,9488896
0,9272832
0,9425408
0,9201664
0,8873472
0,9123328
0,8719360
0,8300032
0,7832064
0,8464384
0,8349184
0,9152000
0,10014720
0,9711616
0,9904128
0,10070016
0,8910848
0,8213504
0,7911424
0,7164928
0,8444416
0,7395328
0,8391168
0,8233984
0,7911424
0,8044544
0,6855680
0,6800896
0,6273024
0,6513664
0,5728768
0,6318592
0,6961152
0,6152192
0,6689280
0,6714880
0,6915072
0,5908992
0,6601216
0,6474752
0,5947904
0,6307840
0,5784064
0,6367232
0,6502400
0,6379008
0,6376960
0,5851136
0,5058560
0,5202432
0,4581376
0,4352000
0,4254720
0,3810816
0,4766208
0,4251648
0,4626432
0,4704256
0,4251136
0,4060672
0,3018240
0,2748928
0,3009024
0,3470336
0,3146240
0,3655680
0,4300288
0,4458496
0,4017664
0,3753472
0,3592704
0,13366784
0,14110720
0,14810112
0,14799872
0,14803968
0,15959552
0,14902784
0,15235584
0,15615488
0,15895040
0,16084480
0,16570368
0,17278976
0,17756672
0,17370112
0,18102272
0,18290176
0,17400320
0,18275840
0,18612736
0,18098688
0,18631168
0,18753536
0,20119040
0,19268608
0,21018112
0,21855232
0,21842432
0,20809216
0,21465600
0,20988928
0,20997120
0,21628416
0,21166080
0,22048256
0,22415360
0,22625280
0,22443008
0,22089728
0,23345664
0,22377472
0,22323200
0,22547456
0,23674368
0,23307776
0,23017984
0,23867392
0,24003072
0,23192064
0,23845376
0,23006720
0,21714432
0,21887488
0,21309440
0,22048768
0,21762560
0,22476800
0,22146560
0,22358016
0,21657600
0,21319168
0,21290496
0,20047360
0,19873280
0,19192832
0,19131392
0,18947584
0,18689024
0,18121728
0,16993792
0,17526784
0,16432128
0,16538624
0,15490560
0,15596544
0,15950848
0,15141376
0,16106496
0,15160320
0,15144960
0,15100928
0,13953536
0,13296128
0,12507136
0,12704256
0,11851776
0,12449792
0,12706304
0,12230656
0,13199360
0,12396032
0,11580928
0,10806784
0,11153408
0,10455552
0,10155520
0,9294336
0,9611776
0,9835008
0,10052096
0,10570240
0,10065408
0,9705472
0,9424896
0,8471040
0,8063488
0,8773120
0,8510464
0,9124352
0,9458688
0,9330176
0,9571840
0,9530880
0,9610240
0,8478720
0,8086016
0,8085504
0,8091648
0,7789568
0,8095744
0,7942656
0,9010688
0,8858624
0,8962560
0,8316416
0,9311744
0,7099392
0,8347136
1,-1678336
1,-2594816
1,-2207744
1,-1145856
1,-1746432
1,-1646592
1,-1478144
1,-1308672
1,-1116160
1,-1801728
1,-1611776
1,-1508352
1,-2279424
1,-1683456
1,-890880
1,-933888
1,-1143808
1,-302592
1,-374784
1,-532992
1,-842240
1,-947200
1,-2712064
1,-2802688
1,-2208256
1,-2899968
1,-2204160
1,-2044928
1,-2841088
1,-1794560
1,-2019840
1,-2409984
1,-2416128
1,-2010112
1,-881664
1,-1259008
1,-1435136
1,-206336
0,358400
1,-253952
0,548864
1,-479744
1,-869888
1,-1074688
1,-1880064
1,-1999360
1,-1229312
1,-2396672
1,-1631744
1,-1503232
1,-1356288
1,-886272
1,-1574400
1,-1827328
1,-1392640
1,-1297920
1,-2106368
1,-1164800
1,-1826304
1,-1412608
1,-908288
1,-1923584
1,-2361344
1,-2221056
1,-2863616
1,-3238400
1,-2935296
1,-2957312
1,-2653696
1,-2380288
1,-2885120
1,-3109888
1,-2561536
1,-3012096
1,-4053504
1,-3562496
1,-3848192
1,-3769344
1,-3706880
1,-3988992
1,-3570176
1,-4041216
1,-3983872
1,-4905984
1,-4474880
1,-4507648
1,-4408832
1,-4554752
1,-4763136
1,-4449792
1,-3248640
1,-3480576
1,-3564544
1,-3378688
1,-4165632
1,-3504640
1,-4670464
1,-4249088
1,-3917312
1,-4467200
1,-3259392
1,-3701248
1,-3906048
1,-3495424
1,-3567104
1,-3594240
1,-3480576
1,-3490816
1,-3432960
1,-2883072
1,-3522560
1,-3431424
1,-3649024
1,-2472448
1,-2789376
1,-3293696
1,-1922048
1,-1834496
1,-3151360
1,-2929152
1,-2807296
1,-2433024
1,-1730048
1,-1017344
1,-923648
1,-1646592
1,-1535488
1,-1414144
1,-7329280
1,-7338496
1,-8277504
1,-8084992
1,-8518144
1,-6387200
1,-8063488
1,-6562304
1,-5946368
1,-7205376
1,-6937088
1,-6379520
1,-6994432
1,-6051328
1,-6836736
1,-6690304
1,-6299648
1,-5989888
1,-5181952
1,-5553152
1,-5539328
1,-5194752
1,-5841408
1,-4979200
1,-6052352
1,-6590464
1,-5981184
1,-4879360
1,-4574720
1,-4369920
1,-4514304
1,-4701696
1,-5006336
1,-4573184
1,-4510720
1,-4580352
1,-5398016
1,-4683776
1,-4094976
1,-3275776
1,-1832960
1,-1909760
1,-2086912
1,-2854400
1,-2409984
1,-1635840
1,-2423808
1,-2549760
1,-1730560
1,-3962880
1,-3063808
1,-2290688
1,-2257408
1,-1316352
1,-1901568
1,-1566208
1,-1996288
1,-3124224
1,-2736128
1,-2642432
1,-3350528
1,-3770880
1,-2690048
1,-3497984
1,-2741760
1,-2551296
1,-2188800
1,-1923584
1,-2219520
1,-1130496
1,-2739200
1,-2267648
1,-1209344
1,-2349568
1,-1690112
1,-1842176
1,-1729536
1,-1042432
1,-2311680
1,-1188864
1,-8704
0,268288
0,565248
1,-515584
1,-464896
1,-1344512
1,-2243072
1,-1466368
1,-1826304
1,-1033216
1,-835584
1,-97792
1,-801280
1,-999936
1,-401408
1,-966144
1,-625664
1,-1941504
1,-1424896
1,-147968
1,-1445888
1,-1780736
1,-481792
1,-1149952
1,-242176
1,-865280
1,-508416
1,-245248
1,-685056
1,-328704
1,-765440
1,-1874944
1,-900608
0,261632
1,-230912
0,457728
0,929792
0,1569280
0,1884160
0,1395200
0,1206272
1,-237056
1,-541184
1,-394752
1,-376832
1,-315904
1,-18944
0,871936
1,-6597120
1,-6806016
1,-5952512
1,-5917696
1,-6579712
1,-4947968
1,-4952576
1,-5012480
1,-4324352
1,-5244928
1,-4720128
1,-4780032
1,-6093312
1,-5159936
1,-5836288
1,-4713984
1,-4233728
1,-4072448
1,-5159424
1,-4527616
1,-4559872
1,-4579840
1,-5403136
1,-5820416
1,-4403200
1,-4312576
1,-3917824
1,-3685888
1,-3824640
1,-3341824
1,-3244032
1,-3364864
1,-3497984
1,-3212288
1,-3281920
1,-2441728
1,-2392576
1,-3895296
1,-3837952
1,-2483200
1,-2447872
1,-2138112
1,-2254848
1,-1216512
1,-2463744
1,-1934336
1,-810496
0,114688
1,-118784
0,548352
1,-19456
1,-634880
0,619520
1,-74752
0,333824
0,873472
0,436224
0,1325568
0,1867264
0,883712
0,1703936
0,2045440
0,1377280
0,2157056
0,1675776
0,598528
0,1573376
0,1686528
0,2381312
0,2397696
0,3820032
0,3382272
0,3104256
0,3899392
0,4392960
0,3976704
0,3705856
0,4007936
0,2848768
0,4942848
0,3888128
0,4815872
0,3986432
0,2816512
0,3886592
0,2311680
0,4419584
0,4151808
0,3112960
0,3939328
0,4511744
0,4731392
0,5414912
0,5617664
0,5178368
0,5125120
0,6029824
0,6629376
0,6998528
0,7329280
0,7541760
0,8082944
0,8767488
0,8127488
0,7161344
0,6354432
0,6139904
0,5594112
0,5199360
0,5515776
0,5859328
0,6505472
0,6806016
0,6403072
0,6510080
0,7163904
0,6467584
0,6352384
0,7400448
0,7122432
0,7799296
0,8493056
0,8921088
0,9674752
0,10228736
0,10837504
0,9876992
0,9958400
0,23373312
0,22623744
0,22330880
0,22214656
0,22364160
0,22017536
0,22224384
0,22681088
0,22113280
0,21424128
0,21629952
0,21999616
0,20549120
0,21533184
0,21773824
0,21942784
0,21778432
0,22195712
0,21717504
0,21037056
0,21356032
0,21138944
0,20984832
0,19905024
0,21022208
0,20737536
0,21488640
0,22317056
0,21976576
0,21657088
0,20291584
0,21545984
0,20548608
0,20311552
0,19993088
0,20107776
0,20812288
0,20643840
0,21352448
0,21765632
0,21210112
0,21995520
0,20393984
0,20763136
0,19633664
0,19350528
0,20531712
0,19356672
0,19374080
0,20170240
0,20389376
0,20944896
0,19534336
0,19513344
0,19636736
0,18539008
0,18722816
0,19167744
0,19996672
0,19293696
0,19944448
0,20196864
0,18888192
0,18334208
0,18599936
0,17182208
0,17414656
0,18135040
0,16398848
0,17007616
0,17975296
0,17723904
0,16510464
0,16025088
0,15689728
0,15934976
0,15724544
0,16046080
0,15407104
0,15442944
0,16250368
0,15469568
0,16458752
0,15789056
0,15115264
0,14226432
0,13832192
0,14323712
0,14157824
0,14706176
0,13027328
0,13483520
0,13613056
0,13182976
0,12750848
0,12662784
0,11968512
0,12924928
0,13351936
0,12426752
0,12673536
0,13139968
0,13434880
0,12169728
0,12510208
0,13449728
0,12807168
0,13082624
0,13178880
0,12556800
0,13181440
0,11964416
0,12753920
0,12739584
0,12082176
0,11902464
0,12060672
0,12091392
0,11522560
0,10370560
0,10277376
0,9695744
0,11149312
0,11479040
0,10051584
0,12241920
0,11290112
0,10498560
1,-35988480
1,-35712000
1,-36160512
1,-37199360
1,-37432320
1,-37811712
1,-37584384
1,-36707840
1,-38088704
1,-37608960
1,-37731328
1,-38543872
1,-37979648
1,-37816832
1,-37654016
1,-37560832
1,-38693888
1,-38591488
1,-38387200
1,-38253568
1,-38657024
1,-38810624
1,-39228928
1,-38456832
1,-41039872
1,-40571904
1,-39682048
1,-40275456
1,-40380928
1,-40082432
1,-41126912
1,-40460288
1,-40525312
1,-39938048
1,-39487488
1,-39857664
1,-40866304
1,-40666112
1,-40769024
1,-41413120
1,-40254976
1,-39894016
1,-39517696
1,-40196096
1,-40250880
1,-40749056
1,-41730048
1,-40344064
1,-40674304
1,-39283712
1,-38971392
1,-38886400
1,-38251520
1,-39990784
1,-39979520
1,-38840320
1,-38102528
1,-38531072
1,-38798848
1,-39407104
1,-38648320
1,-39149056
1,-40010752
1,-38349824
1,-39521792
1,-39224320
1,-38623232
1,-40151552
1,-39297536
1,-41120256
1,-41027072
1,-39499776
1,-39236096
1,-39149056
1,-38551040
1,-38617600
1,-38782976
1,-39530496
1,-38397440
1,-37436416
1,-38383616
1,-38342144
1,-37579776
1,-37538816
1,-37507584
1,-36681216
1,-37308416
1,-37927424
1,-38320128
1,-38808064
1,-37912576
1,-38044160
1,-37201408
1,-36629504
1,-36913152
1,-35957760
1,-36248064
1,-35614720
1,-36210176
1,-37129728
1,-37304320
1,-36720128
1,-35785728
1,-35797504
1,-37564416
1,-36725760
1,-35848704
1,-36460032
1,-35284992
1,-35465728
1,-36117504
1,-36040704
1,-35812352
1,-36242944
1,-35144704
1,-34789888
1,-35981312
1,-34361856
1,-33816576
1,-35564544
1,-35329024
1,-34636800
1,-36888576
1,-36465664
1,-35067904
1,-35388416
1,-35542016
1,-35186688
1,-4891648
1,-4716544
1,-5438976
1,-5134848
1,-5898240
1,-4830208
1,-5785088
1,-6742528
1,-7687680
1,-7564800
1,-7702016
1,-7073792
1,-7074816
1,-6935040
1,-7353856
1,-7826432
1,-8878592
1,-8477696
1,-8811520
1,-9027584
1,-9896960
1,-9544704
1,-9840640
1,-9369600
1,-10041856
1,-10050048
1,-11324928
1,-11514880
1,-11016192
1,-11733504
1,-12291584
1,-12679680
1,-12164096
1,-12722176
1,-12169728
1,-11666944
1,-12377600
1,-12028928
1,-12631040
1,-12014592
1,-13122048
1,-12955136
1,-13772800
1,-13553152
1,-13180928
1,-12717568
1,-13047296
1,-13928448
1,-14056448
1,-14185472
1,-14864896
1,-14838784
1,-14639616
1,-15617536
1,-15292416
1,-15723520
1,-15684608
1,-15954944
1,-15812096
1,-16238592
1,-17003520
1,-17099776
1,-17521664
1,-18333696
1,-17636864
1,-18229760
1,-18157056
1,-18491392
1,-19153408
1,-18470912
1,-19513856
1,-18395648
1,-18844160
1,-18576896
1,-18255360
1,-18458624
1,-19142144
1,-17964544
1,-17351680
1,-18226176
1,-17548288
1,-18141696
1,-19228672
1,-19809792
1,-20710400
1,-20742656
1,-19778560
1,-19776000
1,-19422208
1,-19386368
1,-19272704
1,-19887104
1,-20128768
1,-20292608
1,-20742656
1,-20115456
1,-19947008
1,-20188672
1,-20823040
1,-21690368
1,-20572160
1,-21598720
1,-21218304
1,-20924928
1,-22268416
1,-22220288
1,-22625792
1,-23808000
1,-23828992
1,-22961152
1,-22575104
1,-22317056
1,-22321664
1,-23070208
1,-22805504
1,-25436672
1,-25316864
1,-24808448
1,-24677376
1,-23887872
1,-23436800
1,-24419328
1,-24499200
1,-25055744
1,-25851904
1,-26011648
1,-24973312
1,-26897408
1,-1465344
1,-2626560
1,-2215424
1,-1868288
1,-3047424
1,-2829824
1,-2718208
1,-2640896
1,-2572288
1,-3647488
1,-2700800
1,-3540992
1,-3156992
1,-2925568
1,-3769856
1,-3331072
1,-2735104
1,-3042304
1,-3190784
1,-2271232
1,-2680320
1,-2028544
1,-2235392
1,-2449920
1,-1923072
1,-1670144
1,-840704
1,-620544
1,-190976
0,502272
0,932864
0,1375744
0,1309184
0,1405440
0,2669568
0,3145728
0,2455040
0,2375680
0,2619392
0,3214336
0,3032064
0,3329536
0,3058688
0,3243008
0,2876928
0,2896896
0,2507776
0,2487808
0,2609664
0,2707968
0,2492416
0,1584128
0,1550848
0,763392
0,294400
1,-390656
1,-1571328
1,-1846784
1,-2553856
1,-2568704
1,-2367488
1,-3280384
1,-3643392
1,-4011520
1,-4653056
1,-5254656
1,-6551040
1,-6639104
1,-6927872
1,-6463488
1,-7183360
1,-8181760
1,-8541184
1,-8917504
1,-10067968
1,-10413568
1,-11284992
1,-11835904
1,-13159424
1,-13562880
1,-14481920
1,-15131648
1,-15125504
1,-15752192
1,-15986688
1,-16252928
1,-17587712
1,-17537536
1,-17958912
1,-19002880
1,-19393536
1,-18990080
1,-19144192
1,-19264512
1,-19796992
1,-19716608
1,-19345920
1,-20063744
1,-19359232
1,-19572736
1,-20057088
1,-19788288
1,-19847680
1,-19938304
1,-19300864
1,-19333120
1,-19691520
1,-19870208
1,-19946496
1,-20090880
1,-20201984
1,-20279296
1,-19596800
1,-19776000
1,-18729472
1,-19092992
1,-19581440
1,-19623424
1,-19973632
1,-19840512
1,-19860480
1,-20307456
1,-20690944
1,-20435456
1,-19637248
1,-20400128
1,-18957312
1,-19470848
1,-45789696
1,-46151168
1,-47039488
1,-46852096
1,-46861312
1,-47411200
1,-47245824
1,-46982144
1,-47348224
1,-46829568
1,-48054784
1,-47493120
1,-47748608
1,-48617472
1,-48683520
1,-49335808
1,-49304576
1,-48833024
1,-48885760
1,-48270336
1,-48318976
1,-46902272
1,-47865856
1,-49219072
1,-49977344
1,-48857600
1,-49839104
1,-49954816
1,-49288192
1,-50885632
1,-49881600
1,-49608192
1,-50592768
1,-50860032
1,-50060288
1,-50321920
1,-49697280
1,-49901056
1,-49594368
1,-49785344
1,-49030656
1,-49174528
1,-49443840
1,-49404416
1,-49441280
1,-48670208
1,-49134592
1,-49626112
1,-49058304
1,-49152000
1,-50134016
1,-49354752
1,-48597504
1,-48760832
1,-48580096
1,-48577024
1,-49039360
1,-49089024
1,-49385984
1,-48969216
1,-49331200
1,-49807360
1,-48952832
1,-48674816
1,-48616960
1,-48259584
1,-48626688
1,-49140224
1,-48605696
1,-48388608
1,-48814080
1,-48856576
1,-48051712
1,-48413696
1,-48630272
1,-48710144
1,-48383488
1,-47917056
1,-46632448
1,-47621632
1,-46978048
1,-47482368
1,-46012416
1,-45970944
1,-45917184
1,-45529088
1,-45574656
1,-44120064
1,-45053952
1,-45619712
1,-46310912
1,-47275520
1,-46754304
1,-46399488
1,-45227520
1,-45937664
1,-46390784
1,-45382144
1,-45501440
1,-44978688
1,-44669952
1,-45196288
1,-43886080
1,-43920384
1,-42461696
1,-41890816
1,-41209856
1,-39848960
1,-39839744
1,-39301120
1,-39540736
1,-38391296
1,-38390784
1,-38203392
1,-38428160
1,-38616576
1,-37143552
1,-37144064
1,-36378112
1,-37513216
1,-37632000
1,-38001152
1,-37629952
1,-37474816
1,-37059584
1,-36641280
1,-35683840
1,-35535872
0,2593280
0,2309120
0,2212352
0,2148864
0,1750528
0,996352
0,2256384
0,1528832
0,1989120
0,1648128
0,1753088
0,3227648
0,3570176
0,2574848
0,3818496
0,4093952
0,4313600
0,5060608
0,4831744
0,5137408
0,5178368
0,5208064
0,5734400
0,6127104
0,5937664
0,6542336
0,7308800
0,8617472
0,6638080
0,6221312
0,7298560
0,7817728
0,6985216
0,6888960
0,7046656
0,7227904
0,6733824
0,6147072
0,6307840
0,6980096
0,5873152
0,6915584
0,6005248
0,5550080
0,4508672
0,5607936
0,5241344
0,5448704
0,6682624
0,7413248
0,7596544
0,7598080
0,7900672
0,7753728
0,7147008
0,6559744
0,7037440
0,7996928
0,6846464
0,6423552
0,9231360
0,8695808
0,7285760
0,7495168
0,7009792
0,8499712
0,7922688
0,7913984
0,8386048
0,8220160
0,8353280
0,9263104
0,9106944
0,8460800
0,7834624
0,7885824
0,7671808
0,6652928
0,7335936
0,6790656
0,6999552
0,7156224
0,7142400
0,7657984
0,8019968
0,6133760
0,5361152
0,6489088
0,5894656
0,6888448
0,6859264
0,7367680
0,8658944
0,7801856
0,7602176
0,7436800
0,8337408
0,6861824
0,6709760
0,6443520
0,5730816
0,6334976
0,7257088
0,7099392
0,7261184
0,6691840
0,7811072
0,6470144
0,6294528
0,5928960
0,6524928
0,7066624
0,5914624
0,5423104
0,6103040
0,6899712
0,6264832
0,7147520
0,7274496
0,7370240
0,6910464
0,6682624
0,6738944
0,6672896
0,7747072
0,7344640
0,7846912
0,8481792
0,51196928
0,51477504
0,51017728
0,51216384
0,50634752
0,50510336
0,51475456
0,50575360
0,51055616
0,51261952
0,50597888
0,51191808
0,49950208
0,48923136
0,48882176
0,48399872
0,46953472
0,46998528
0,46796800
0,46837248
0,45675520
0,45754880
0,45440000
0,45814272
0,45294080
0,44801536
0,44725248
0,43478528
0,43952640
0,42965504
0,42737664
0,43142144
0,42560000
0,42922496
0,42101248
0,42958848
0,41765888
0,41535488
0,41153536
0,40390144
0,39896576
0,39566848
0,39115776
0,39036928
0,38938112
0,38395904
0,37514752
0,37242880
0,36696064
0,35699200
0,36023296
0,36189184
0,37167104
0,36462592
0,36341760
0,35907584
0,35116544
0,34545664
0,34139648
0,33554944
0,32866304
0,33357824
0,32673792
0,33309184
0,33573376
0,33922560
0,33475072
0,34305536
0,33682944
0,33095680
0,33412608
0,33337344
0,33067008
0,32308736
0,32557568
0,32853504
0,32892928
0,32760832
0,33524224
0,33176064
0,31442944
0,32659968
0,32611328
0,31761920
0,32371200
0,31100928
0,30879744
0,30995968
0,31070720
0,30023680
0,30648320
0,30478336
0,29894656
0,30519808
0,29783552
0,29527552
0,29799424
0,29707776
0,29424128
0,28664832
0,27814912
0,27034112
0,26688512
0,25847808
0,25327104
0,24775168
0,26395136
0,25869824
0,25669120
0,26119168
0,25372160
0,25302528
0,24863744
0,24166400
0,23150080
0,22508544
0,23320064
0,23237120
0,23485952
0,22889472
0,23123456
0,22950400
0,22699008
0,22500352
0,21769728
0,22146560
0,22169088
0,21650944
0,19376640
0,18927104
0,19653632
0,19824640
0,19514368
0,18789376
0,19222016
0,19200512
0,18336256
0,19258880
0,18967040
0,20010496
0,19523072
0,20739584
0,20700672
0,20070400
0,19824128
0,19382272
0,19596800
0,19840000
0,20373504
0,19557888
0,20602880
0,21449728
0,20222464
0,21334528
0,21130752
0,20676096
0,20652032
0,21000192
0,21473280
0,21922816
0,21361664
0,21715456
0,21291520
0,22348288
0,22293504
0,21644800
0,21036032
0,20470272
0,20940288
0,20831744
0,21175808
0,21238784
0,21564416
0,21518848
0,22130688
0,22347776
0,22655488
0,22828544
0,22843904
0,22334976
0,22232064
0,23237632
0,22925312
0,23715840
0,23878144
0,24475136
0,24548352
0,23444480
0,23047168
0,22429696
0,22158336
0,22012928
0,22135808
0,21793280
0,22763520
0,22469120
0,23201280
0,24004096
0,24632832
0,25091072
0,25105920
0,26018304
0,26308608
0,27167232
0,26855936
0,27077632
0,27300864
0,27130880
0,26253824
0,26631680
0,25540096
0,25988608
0,26447360
0,26805248
0,27874304
0,27507712
0,28538368
0,27643392
0,28368384
0,26568192
0,26465280
0,25913856
0,25790464
0,25743360
0,25420800
0,26134016
0,26545152
0,26763264
0,27906048
0,27579392
0,27308032
0,27790336
0,28060160
0,28283904
0,27976704
0,29455872
0,29298176
0,30379008
0,29067264
0,29308416
0,29752320
0,29275648
0,29211136
0,27832832
0,28011520
0,28130304
0,27715072
0,27570688
0,28269056
0,28072448
0,28095488
0,28447744
0,28589568
0,28895232
0,30580736
0,30776832
0,30949888
0,32279552
0,32166912
0,33500672
0,33723392
0,33494528
0,33964544
0,34269184
0,34523136
0,33910272
0,34206720
0,34726400
0,35094016
0,35902464
0,36460544
0,37517824
0,37393920
0,38298624
0,38010368
0,37490176
0,37122048
0,37159424
0,36481536
0,36320256
0,36183552
0,36843008
0,37166080
0,36873216
0,36690432
0,36889088
0,36693504
0,36634624
0,36407296
0,36237824
0,36679680
0,37531136
0,37621760
0,38835712
0,38173696
0,37253632
0,37489664
0,37574656
0,36439040
0,36559360
0,37095936
0,36663808
0,36979200
0,37255168
0,38020096
0,37879296
0,37786624
0,37989376
0,37588992
0,37561344
0,37296128
0,37770752
0,38862848
0,39428608
0,39900160
0,39868928
0,40061952
0,39281152
0,39547392
0,38612992
0,38965248
0,39181824
0,39233536
0,40593408
0,40080896
0,41015296
0,40946176
0,40739840
0,40965632
0,40846336
0,40618496
0,41776640
0,41832448
0,42312704
0,42479104
0,42233856
0,42813952
0,42980864
0,41285120
0,41786368
0,41580544
0,41068544
0,41338368
0,41686016
0,41705984
0,41597952
0,41481728
0,42091520
0,42163712
0,41396224
0,40467456
0,40393216
0,40008704
0,39557120
0,39217664
0,39948288
0,39644160
0,39973376
0,39780864
0,38319616
0,38687232
0,38238720
0,36789760
0,37294592
0,36991488
0,36945920
0,37668864
0,36781568
0,37177856
0,36471296
0,35799552
0,35473920
0,34578432
0,34617856
0,33974272
0,34206208
0,33775104
0,34724352
0,33873920
0,33697792
0,33637376
0,32610816
0,32367104
0,31116800
1,-13448704
1,-12969472
1,-14020096
1,-14600704
1,-14946816
1,-13948928
1,-14892032
1,-14979072
1,-14621696
1,-15448064
1,-16164352
1,-16841728
1,-17223680
1,-17403392
1,-16896512
1,-16363008
1,-15696384
1,-15986688
1,-16253440
1,-15694336
1,-15985664
1,-17305600
1,-16654336
1,-17183232
1,-16891392
1,-16557056
1,-17163264
1,-16770048
1,-16775168
1,-16457728
1,-17096192
1,-18077184
1,-18262016
1,-18674688
1,-18635776
1,-18535936
1,-18038784
1,-18617856
1,-17715712
1,-17252352
1,-18542592
1,-18635776
1,-18847232
1,-18677248
1,-19030016
1,-18676736
1,-19396096
1,-19095040
1,-18520576
1,-18559488
1,-18683392
1,-18318336
1,-18293760
1,-19817472
1,-19890688
1,-20413440
1,-21399040
1,-21012480
1,-21738496
1,-21157376
1,-20763136
1,-21405184
1,-21035520
1,-21787648
1,-22002688
1,-22692352
1,-21528576
1,-22444032
1,-22762496
1,-22178304
1,-22604800
1,-23152640
1,-22946304
1,-22637568
1,-23843840
1,-24056320
1,-24043008
1,-25058304
1,-25860096
1,-25440256
1,-25567744
1,-25753600
1,-26642944
1,-26961920
1,-27356672
1,-26866688
1,-26593280
1,-26571776
1,-27040256
1,-27192320
1,-26084864
1,-26408448
1,-25102336
1,-25650688
1,-26158080
1,-25699840
1,-27442688
1,-27619840
1,-28285440
1,-27719168
1,-27251712
1,-27075072
1,-27073536
1,-28081664
1,-28011008
1,-27431936
1,-28362752
1,-28626432
1,-29328896
1,-28056576
1,-28123136
1,-28884992
1,-28217344
1,-28518400
1,-28826112
1,-28504064
1,-28934656
1,-28915200
1,-28901376
1,-29054464
1,-28403712
1,-28443648
1,-27883008
1,-27727360
1,-27689984
1,-27703296
1,-27738624
1,-27220480
1,-8073728
1,-8686592
1,-9095168
1,-9419264
1,-8493568
1,-8227840
1,-8881664
1,-8743936
1,-9662464
1,-9391104
1,-10094592
1,-8951808
1,-8947712
1,-9101312
1,-8858624
1,-9583104
1,-9076736
1,-9125888
1,-9078272
1,-9568768
1,-9203200
1,-9705984
1,-9079296
1,-9459200
1,-8986624
1,-9223680
1,-9321984
1,-8107520
1,-9216512
1,-8768000
1,-8963072
1,-8841216
1,-9741312
1,-8978432
1,-8959488
1,-9035776
1,-8753664
1,-9036288
1,-8697856
1,-8873472
1,-9576448
1,-8563200
1,-8931840
1,-9114624
1,-9453568
1,-9389568
1,-9635840
1,-9430528
1,-9224704
1,-8666112
1,-7666688
1,-7880192
1,-7345664
1,-7785472
1,-7313920
1,-7184896
1,-6867968
1,-7081472
1,-6548992
1,-6831616
1,-6628352
1,-6710272
1,-6641664
1,-6917120
1,-6097408
1,-6652928
1,-6109184
1,-6204416
1,-4594688
1,-5695488
1,-5380608
1,-4762112
1,-5874176
1,-5826048
1,-6106624
1,-5925888
1,-5601792
1,-6044672
1,-5834240
1,-5369344
1,-5587968
1,-4831744
1,-4579328
1,-4226560
1,-4830208
1,-4633600
1,-4499456
1,-4619264
1,-4246016
1,-5127168
1,-4042752
1,-4286464
1,-4086272
1,-3303936
1,-3213312
1,-3385856
1,-3363840
1,-3077120
1,-3166208
1,-2575872
1,-2124288
1,-1522688
1,-2399744
1,-2177024
1,-2695680
1,-2769408
1,-2991104
1,-2178048
1,-1937920
1,-962048
1,-983040
1,-892928
1,-854016
1,-881152
1,-1043456
1,-829440
1,-947712
1,-350208
1,-1087488
0,248832
1,-38400
1,-946688
1,-115712
1,-867328
0,184320
1,-617984
0,552960
1,-725504
0,68055552
0,67426304
0,67781120
0,67525632
0,67816448
0,68170240
0,67609088
0,67994112
0,67319296
0,66373120
0,65622528
0,65054720
0,64757248
0,64692224
0,66435072
0,65602048
0,66070016
0,65663488
0,65291776
0,65349120
0,65096704
0,65464320
0,64457728
0,64322560
0,65100800
0,65898496
0,65872896
0,65913344
0,65299456
0,64076800
0,63796736
0,63309824
0,62943744
0,62631424
0,61908992
0,62184960
0,62047744
0,62014464
0,62458368
0,61201408
0,61037056
0,61698048
0,61304320
0,60313600
0,59748864
0,59035136
0,59083776
0,59142656
0,59658752
0,59566592
0,60367360
0,59649024
0,58546176
0,57994240
0,57093120
0,57303552
0,57288704
0,58606080
0,59101184
0,58890240
0,57650176
0,55976448
0,55376384
0,55805952
0,55677952
0,54604800
0,54943232
0,54778368
0,55096832
0,54205952
0,55286272
0,54985728
0,55423488
0,55543296
0,54737920
0,55114752
0,54118400
0,54326272
0,55155200
0,55505408
0,56966144
0,56921600
0,56557568
0,55927808
0,55993856
0,55426560
0,55629824
0,54774784
0,55709696
0,55920128
0,56306176
0,56641536
0,56209920
0,56271360
0,55585280
0,55488000
0,55542272
0,55771648
0,55998464
0,55696896
0,55028736
0,55499264
0,54804480
0,54607872
0,54586880
0,54588928
0,54381568
0,53370368
0,53825024
0,52781568
0,53576192
0,53343232
0,52867072
0,52806656
0,52372480
0,51067904
0,51406848
0,50313728
0,49473024
0,49872896
0,49684480
0,49805824
0,49597952
0,50135552
0,49275392
0,48372224
0,47199232
0,45961216
1,-45330432
1,-45636096
1,-45932544
1,-46581760
1,-45514752
1,-45652992
1,-45270528
1,-44750848
1,-44614144
1,-44143616
1,-44501504
1,-45549568
1,-44920832
1,-45121536
1,-43825664
1,-43609088
1,-43418112
1,-42762240
1,-42514944
1,-42890752
1,-42403328
1,-42724352
1,-42429440
1,-42297856
1,-41210880
1,-40733184
1,-41481728
1,-40090624
1,-40019456
1,-39960576
1,-38788608
1,-38351872
1,-39123456
1,-40158720
1,-39970816
1,-39800320
1,-40220672
1,-39442432
1,-39293952
1,-38022144
1,-38033920
1,-37880320
1,-37773312
1,-38527488
1,-37346304
1,-38590976
1,-38180864
1,-37561344
1,-37246976
1,-37494784
1,-37075968
1,-37215232
1,-37993472
1,-38661120
1,-37737472
1,-38947840
1,-38112256
1,-38424576
1,-38817792
1,-37737472
1,-37697536
1,-38008832
1,-38321152
1,-37375488
1,-38631424
1,-37789696
1,-38639616
1,-38669312
1,-38843392
1,-39099392
1,-38168576
1,-37998592
1,-37894656
1,-38269952
1,-38204928
1,-38694912
1,-38295040
1,-39003136
1,-38598144
1,-38962688
1,-38982144
1,-38371328
1,-38415872
1,-37341184
1,-36527616
1,-37586432
1,-37145600
1,-36755456
1,-37218304
1,-37132800
1,-36286976
1,-36188160
1,-36252672
1,-35516928
1,-35464192
1,-35526144
1,-35257856
1,-35780608
1,-35960832
1,-36198912
1,-35837440
1,-35695616
1,-34952192
1,-34255360
1,-34610176
1,-33458176
1,-34342912
1,-33784320
1,-34029568
1,-33351168
1,-33342464
1,-33284608
1,-32732672
1,-32462336
1,-31811584
1,-31283712
1,-30662656
1,-31318016
1,-31630848
1,-31876096
1,-32257536
1,-31985152
1,-31630848
1,-32039936
1,-32429568
1,-31320064
1,-31956992
1,-31073280
0,26181120
0,26563584
0,26127872
0,25873920
0,24921600
0,25035264
0,24603648
0,24069120
0,24667648
0,25072128
0,24221184
0,24815616
0,25494528
0,25140736
0,25032192
0,24887808
0,24787456
0,24500224
0,24769536
0,24972288
0,25477120
0,25470976
0,24664064
0,24526848
0,24306176
0,23948288
0,23225344
0,22465536
0,22634496
0,22223872
0,21298688
0,21521920
0,21376000
0,21107200
0,19929088
0,19155968
0,19555840
0,18867712
0,17446400
0,18046464
0,17832448
0,17554432
0,18249728
0,18270208
0,18522624
0,17551872
0,16792576
0,16544256
0,14651392
0,15079424
0,13878784
0,12530688
0,12691456
0,11965440
0,10894336
0,10330624
0,9805824
0,8706048
0,7342080
0,6912512
0,6357504
0,5531648
0,5516800
0,5990912
0,5621248
0,6382080
0,5466624
0,5256192
0,5263872
0,3922432
0,3346944
0,2671616
0,2959872
0,3576832
0,3629568
0,4146688
0,4325376
0,4039680
0,4604416
0,3985408
0,3458560
0,2648576
0,2946560
0,3126784
0,3315712
0,3875840
0,4609024
0,4659712
0,6612992
0,6465024
0,5726720
0,5641216
0,5953536
0,5788160
0,5537792
0,6430720
0,6673408
0,6535680
0,6958592
0,7421952
0,7154688
0,7510016
0,6794752
0,7450112
0,8184320
0,8251904
0,9387008
0,9899008
0,10804224
0,11217408
0,11359232
0,12624896
0,12149248
0,11995648
0,11795456
0,13253120
0,12152320
0,14139904
0,14075904
0,14087680
0,13888512
0,13572096
0,13741056
0,12748800
0,12183552
0,11495936
0,11744256
0,12434944
1,-15645696
1,-14773760
1,-15562240
1,-14810624
1,-15100416
1,-15138816
1,-15042048
1,-15230976
1,-14968320
1,-15011840
1,-13898240
1,-14621184
1,-13173760
1,-12806144
1,-11895808
1,-11325440
1,-11185152
1,-11232256
1,-11969024
1,-11945984
1,-10863104
1,-11091456
1,-10574848
1,-10127872
1,-9013760
1,-8920064
1,-9120256
1,-8633856
1,-8045056
1,-8578560
1,-9297408
1,-10179584
1,-9735168
1,-8552960
1,-8450560
1,-7961600
1,-8902656
1,-8734208
1,-8633344
1,-9181184
1,-8862720
1,-9669632
1,-10114560
1,-9198592
1,-8416768
1,-8777216
1,-7949824
1,-7649280
1,-7963136
1,-7935488
1,-8119296
1,-8298496
1,-8972288
1,-8200192
1,-8958976
1,-7206400
1,-8340992
1,-7090688
1,-7393280
1,-8076800
1,-6512128
1,-7198720
1,-7636480
1,-7965696
1,-6424576
1,-7160832
1,-6568960
1,-5624832
1,-5472256
1,-4992512
1,-5087744
1,-4694528
1,-4934144
1,-5804544
1,-5735936
1,-4589568
1,-4935680
1,-4807680
1,-4384256
1,-4566528
1,-4410880
1,-4348416
1,-4753408
1,-4858880
1,-4629504
1,-5676032
1,-4639744
1,-4742144
1,-4259840
1,-4151296
1,-4135936
1,-4178432
1,-4265984
1,-4395520
1,-4590080
1,-4799488
1,-4533248
1,-4530176
1,-5129728
1,-3904512
1,-4048896
1,-3806720
1,-4135424
1,-3278848
1,-3992576
1,-4293632
1,-3871744
1,-4241920
1,-4325376
1,-4108800
1,-4655104
1,-3927040
1,-3826176
1,-4335616
1,-4095488
1,-4560896
1,-4297728
1,-4393472
1,-3328000
1,-2997248
1,-2364928
1,-2129920
1,-1823744
1,-1388544
1,-1020928
1,-1117696
1,-1636352
1,-1310720
0,19097600
0,19389952
0,19385344
0,19537408
0,19784192
0,19543040
0,19283456
0,18217984
0,17375232
0,16700416
0,16800256
0,17225216
0,17515008
0,17900544
0,17426432
0,18778624
0,17816064
0,16748032
0,16804864
0,16222720
0,15480832
0,15145984
0,15832064
0,16118784
0,16954368
0,17863680
0,18025984
0,18523136
0,17673216
0,17636864
0,17357312
0,15563264
0,16485376
0,15797760
0,16020480
0,16414720
0,16096768
0,16951808
0,15309824
0,15932416
0,15377920
0,15482368
0,15287808
0,15594496
0,16687616
0,16984064
0,16494592
0,17196544
0,18003968
0,17209856
0,17742336
0,17329152
0,17632768
0,17361408
0,18436096
0,18406912
0,18985984
0,20312576
0,20017152
0,20814336
0,20420096
0,20857344
0,19645952
0,19779072
0,18993152
0,19213312
0,19825664
0,19196928
0,20809728
0,20825088
0,21444096
0,20934144
0,21583360
0,20672000
0,21002240
0,20322304
0,20605440
0,20525056
0,20088832
0,20263936
0,20578304
0,20230656
0,20134912
0,18952704
0,18298880
0,17735168
0,17921024
0,17888256
0,18057216
0,18044928
0,17575424
0,17281024
0,15723008
0,15534592
0,14644224
0,13990912
0,12971008
0,12754944
0,12811264
0,12917248
0,12221440
0,12351488
0,11828736
0,10837504
0,10128384
0,8989696
0,8843776
0,8715776
0,8590848
0,8112640
0,8700416
0,8996352
0,8917504
0,8049152
0,7870976
0,8001536
0,6562304
0,6460416
0,5894144
0,6389248
0,5655040
0,5712384
0,6000128
0,6140928
0,5553664
0,5381120
0,5219840
0,4950528
1,-3928576
1,-3684864
1,-4058112
1,-4303360
1,-3713024
1,-4261888
1,-4401152
1,-5512704
1,-5823488
1,-5480960
1,-7056896
1,-7558656
1,-9385472
1,-8593920
1,-9259520
1,-9124352
1,-9175552
1,-8688640
1,-8670720
1,-9369088
1,-9608192
1,-9317376
1,-10133504
1,-10088448
1,-9639424
1,-10299904
1,-9624576
1,-9246720
1,-9538048
1,-9895424
1,-10225664
1,-10593792
1,-10277376
1,-11076096
1,-11841024
1,-11784192
1,-11370496
1,-11254272
1,-11344384
1,-11108864
1,-10953216
1,-11304448
1,-12236800
1,-11936768
1,-12326400
1,-12513792
1,-12317696
1,-12537344
1,-11969536
1,-12824064
1,-11535360
1,-11656704
1,-11683840
1,-11709952
1,-12191744
1,-12527104
1,-11272192
1,-11748864
1,-11892736
1,-11017728
1,-10756096
1,-10841088
1,-10669056
1,-10252800
1,-11389440
1,-10944512
1,-11118592
1,-11353088
1,-11930112
1,-12006912
1,-10885120
1,-10393088
1,-10226176
1,-10833408
1,-11543040
1,-11420672
1,-11681280
1,-11565568
1,-11604480
1,-10537984
1,-10309120
1,-10430976
1,-10125824
1,-10172416
1,-10364928
1,-10351616
1,-10916864
1,-11032064
1,-10646528
1,-10763264
1,-11047424
1,-11046912
1,-11051520
1,-10340352
1,-9889280
1,-10706944
1,-10198016
1,-10782208
1,-11188736
1,-12282880
1,-11593216
1,-11725312
1,-11795456
1,-12720640
1,-11515392
1,-12487680
1,-12294144
1,-13267456
1,-14165504
1,-13196288
1,-13245440
1,-12650496
1,-12281856
1,-12737024
1,-12130304
1,-12159488
1,-12867072
1,-12961792
1,-12897280
1,-14177792
1,-14164480
1,-14705664
1,-14312960
1,-14529536
1,-14400000
1,-13738496
1,-14385664
1,-14656512
1,-9441792
1,-9154560
1,-9590272
1,-9078272
1,-9431040
1,-9983488
1,-11003392
1,-10825728
1,-12308992
1,-12484608
1,-12709888
1,-14000128
1,-14737920
1,-15102976
1,-15611392
1,-15740928
1,-15192064
1,-16026624
1,-14852608
1,-14262272
1,-14473216
1,-13934592
1,-13708800
1,-14406656
1,-15280128
1,-14623744
1,-16090112
1,-16421888
1,-16719360
1,-17391616
1,-16537088
1,-16353280
1,-14950912
1,-13378048
1,-12384256
1,-12611584
1,-12836864
1,-12967424
1,-13033984
1,-11752960
1,-10373120
1,-8726016
1,-7090688
1,-5864960
1,-4122112
1,-2149888
1,-1138176
0,929792
0,1820672
0,1805312
0,1527808
0,984576
0,1112576
0,428544
0,837632
0,990208
0,335360
0,1067008
0,378368
0,263168
0,1867264
0,1570304
0,1622528
0,2898944
0,3027456
0,3447808
0,2478592
0,1665024
0,1136640
1,-28160
1,-1973760
1,-2852352
1,-4234752
1,-5430272
1,-7037440
1,-9415168
1,-10687488
1,-12230656
1,-14208512
1,-16394752
1,-17360896
1,-20115968
1,-20482560
1,-22680064
1,-23232512
1,-24782848
1,-26519552
1,-27780608
1,-29557760
1,-30163968
1,-32962560
1,-34058240
1,-35563520
1,-36025344
1,-37560320
1,-37790720
1,-37852160
1,-39477248
1,-40463360
1,-42067968
1,-43693056
1,-44917760
1,-46398976
1,-47123456
1,-46615552
1,-47241216
1,-47382016
1,-47194624
1,-47557120
1,-47001088
1,-47527936
1,-47227392
1,-48363008
1,-50048512
1,-49757696
1,-50407936
1,-50622976
1,-50493952
1,-50601472
1,-50116096
1,-49873408
1,-48891392
1,-49136128
1,-48261632
1,-47578112
1,-46423552
1,-45698048
1,-45042688
1,-19829248
1,-20334080
1,-20489216
1,-20248064
1,-21656576
1,-21793792
1,-22981632
1,-23024640
1,-22319616
1,-22141952
1,-22732800
1,-22572032
1,-22962176
1,-21508608
1,-23599616
1,-23490048
1,-23953408
1,-24303104
1,-24268288
1,-25957888
1,-25431552
1,-25844224
1,-25907712
1,-25561600
1,-25076224
1,-25366016
1,-24809984
1,-25637888
1,-26178560
1,-25703424
1,-26146304
1,-26460160
1,-26099200
1,-26104832
1,-25853440
1,-26142208
1,-25595392
1,-25371136
1,-25437696
1,-24991232
1,-24961536
1,-25162752
1,-25383936
1,-25566720
1,-25366016
1,-25215488
1,-24591360
1,-24076800
1,-23222272
1,-23473664
1,-23807488
1,-23951872
1,-24326144
1,-24392192
1,-23868928
1,-23535104
1,-23592448
1,-21908992
1,-22308352
1,-21394944
1,-21172736
1,-21153280
1,-21179904
1,-20467712
1,-19495936
1,-18653184
1,-18614784
1,-18192384
1,-17518080
1,-17631744
1,-16728576
1,-17418240
1,-16545792
1,-15861760
1,-16736768
1,-15904768
1,-16272896
1,-15663104
1,-15760384
1,-15040512
1,-15482368
1,-14639616
1,-14681600
1,-14897664
1,-15532544
1,-14828032
1,-15473152
1,-14958080
1,-14226944
1,-13539840
1,-13231616
1,-12713984
1,-12914176
1,-12370944
1,-12194304
1,-12441600
1,-10953216
1,-10410496
1,-10066432
1,-9733632
1,-9112576
1,-8824832
1,-8948224
1,-9913856
1,-9767424
1,-8805376
1,-8472064
1,-8322560
1,-8082944
1,-7924736
1,-6801920
1,-7121920
1,-6902784
1,-6226944
1,-6418944
1,-6084608
1,-6254080
1,-4957696
1,-4613120
1,-3240448
1,-3570176
1,-3757056
1,-2954240
1,-3806208
1,-3847680
1,-4277248
1,-4158464
1,-3933184
1,-10071040
1,-9972736
1,-10816512
1,-10247680
1,-10135040
1,-10109440
1,-9995264
1,-11074560
1,-10544128
1,-11016192
1,-11459072
1,-11787776
1,-11812352
1,-12573696
1,-13367808
1,-13369344
1,-13256704
1,-12838400
1,-12085760
1,-12452352
1,-12502016
1,-13431808
1,-12712960
1,-13219328
1,-13104128
1,-13475328
1,-13809664
1,-14484480
1,-14795776
1,-15217664
1,-16594944
1,-17712640
1,-18415616
1,-19664896
1,-20133888
1,-20651008
1,-21618688
1,-20924416
1,-21555200
1,-22718464
1,-22802432
1,-23245312
1,-23336960
1,-23557120
1,-23087616
1,-23802368
1,-24174080
1,-23259648
1,-23394816
1,-23508480
1,-23783424
1,-22360064
1,-23792640
1,-22702592
1,-22786560
1,-23974912
1,-23194112
1,-23148544
1,-23315456
1,-22931968
1,-22613504
1,-23722496
1,-22823936
1,-23622144
1,-24475136
1,-24663552
1,-24262656
1,-23310336
1,-23903232
1,-24113664
1,-23557632
1,-23440384
1,-23087616
1,-22512640
1,-21468672
1,-20565504
1,-20094976
1,-20197376
1,-20114432
1,-19907584
1,-20661248
1,-18534912
1,-18017792
1,-16358400
1,-15638016
1,-15335424
1,-15706624
1,-15152128
1,-15027200
1,-14934528
1,-14626304
1,-14170112
1,-13806592
1,-14038528
1,-14540800
1,-14196224
1,-14142464
1,-14111744
1,-14556160
1,-15627264
1,-15478784
1,-15552000
1,-14561792
1,-14177280
1,-14524928
1,-14038016
1,-14417920
1,-14980608
1,-15663104
1,-16740352
1,-16266240
1,-15892992
1,-16106496
1,-16431616
1,-17068544
1,-15912448
1,-16398336
1,-16448000
1,-17828352
1,-18509824
1,-17938432
1,-19324416
1,-19977216
1,-20889088
1,-20359168
1,-19620352
1,-19919872
1,-19737088
0,5027328
0,5162496
0,4781568
0,4533760
0,4767232
0,4923392
0,5800960
0,5063680
0,4668416
0,3829760
0,2934784
0,3966976
0,4297728
0,6155264
0,6340096
0,5576192
0,5902848
0,6163456
0,5324800
0,5434368
0,5136896
0,5201920
0,4334592
0,3671552
0,4027904
0,3195904
0,2327552
0,1922560
0,1504256
0,147456
1,-1260544
1,-1919488
1,-2238976
1,-2480640
1,-2013696
1,-1233408
1,-1102336
1,-1105408
1,-1325568
1,-675328
0,130560
0,160256
0,944128
0,1387008
0,2123776
0,3104768
0,3858944
0,4015616
0,5534720
0,6238720
0,7086080
0,7619072
0,8524800
0,8550912
0,8342528
0,7937536
0,8608256
0,8233472
0,8266752
0,8350208
0,8053760
0,7060992
0,6630400
0,5081088
0,4224000
0,3401728
0,2992128
0,2771968
0,2249216
0,2258432
0,1269760
0,722432
1,-1446912
1,-1563136
1,-549888
1,-480256
1,-53760
1,-822272
1,-699904
1,-77312
0,1181184
0,2311168
0,3843584
0,5071872
0,5993984
0,7366656
0,8441344
0,8752128
0,10574336
0,11090432
0,12686336
0,13506048
0,14713856
0,15030784
0,15263232
0,14814208
0,14007808
0,14264832
0,13903872
0,14942720
0,15081984
0,16033280
0,15567872
0,14760448
0,14121984
0,12868608
0,12114432
0,11083776
0,10002944
0,9033216
0,8424960
0,8465920
0,8462848
0,7665152
0,7172096
0,7063552
0,6580224
0,6004224
0,6680576
0,7235584
0,7501824
0,8054272
0,8317440
0,9426432
0,9213952
0,8733184
0,9717248
0,10150912
1,-16295424
1,-15353856
1,-15915520
1,-15536640
1,-15486976
1,-15030272
1,-14578176
1,-14002176
1,-14009344
1,-14209536
1,-14076928
1,-12810752
1,-12918272
1,-12033536
1,-12479488
1,-11302912
1,-11631104
1,-11874304
1,-11598336
1,-11675648
1,-12082176
1,-12368896
1,-11484672
1,-11429888
1,-11083776
1,-11363840
1,-10491904
1,-10116096
1,-10186752
1,-10362880
1,-8926720
1,-8698368
1,-8024576
1,-7464960
1,-5532160
1,-5400576
1,-4806144
1,-3320320
1,-3051520
1,-2470400
1,-1585152
1,-1460736
1,-568320
1,-411648
0,169984
0,870912
0,1559552
0,2632192
0,3412992
0,3602944
0,3941888
0,4342784
0,4094464
0,4990464
0,5430784
0,5366272
0,6072832
0,6433792
0,7674368
0,7060992
0,6856704
0,7040000
0,6010368
0,6125568
0,5702656
0,6319104
0,6222848
0,5758976
0,5384192
0,5050880
0,4406272
0,2820608
0,3016704
0,515072
0,931328
0,299520
1,-57344
1,-941568
1,-1230336
1,-999424
1,-1504256
1,-2436096
1,-2779136
1,-3457536
1,-4022272
1,-3543552
1,-4127232
1,-3578368
1,-2807296
1,-2356736
1,-1654272
1,-2404864
1,-1564160
1,-1459712
1,-619520
1,-101376
0,172544
0,1132032
0,1558528
0,2913280
0,3442176
0,3628544
0,4433920
0,4761600
0,5528064
0,6354432
0,7436800
0,7813120
0,8553984
0,8895488
0,10166784
0,11094528
0,11997696
0,11782656
0,12871680
0,12557312
0,12713472
0,13734400
0,13600768
0,14204928
0,14188544
0,14895616
0,15119360
0,15521792
0,14432256
0,14720000
0,14791680
0,13747712
1,-23167488
1,-22859776
1,-21935104
1,-21213696
1,-20624384
1,-20710400
1,-20777472
1,-20646400
1,-19794944
1,-19468800
1,-18567168
1,-18528768
1,-17963008
1,-17432064
1,-17098240
1,-17121280
1,-16891904
1,-16680960
1,-16509952
1,-16515072
1,-16184832
1,-15131136
1,-15320064
1,-15443456
1,-14843392
1,-14788608
1,-14803456
1,-15595008
1,-16056320
1,-15436288
1,-15644160
1,-15168512
1,-15216640
1,-16223232
1,-16388608
1,-17381376
1,-18347520
1,-19906048
1,-20666368
1,-21124096
1,-22049280
1,-21615616
1,-22302720
1,-22957056
1,-23344128
1,-23372288
1,-23791616
1,-24896000
1,-24774656
1,-25434112
1,-25744896
1,-26657792
1,-26257408
1,-26854400
1,-26104320
1,-26055168
1,-25043968
1,-25243136
1,-24902656
1,-25027584
1,-23907840
1,-23902208
1,-23120896
1,-22946816
1,-22763008
1,-22333440
1,-21627904
1,-21339648
1,-20746240
1,-19511296
1,-20141056
1,-19346944
1,-18750976
1,-17436672
1,-16270848
1,-15685632
1,-14966784
1,-14244352
1,-12847616
1,-12733952
1,-12602880
1,-11804160
1,-11643904
1,-11598848
1,-10999808
1,-11261952
1,-11406336
1,-10028032
1,-9492992
1,-9793024
1,-8547840
1,-7966720
1,-8322560
1,-7066112
1,-7510016
1,-6852096
1,-6331392
1,-6831616
1,-5350400
1,-5847552
1,-5808128
1,-6258688
1,-6014464
1,-6746624
1,-6610944
1,-7204864
1,-7244288
1,-6941184
1,-7517696
1,-7154688
1,-6520832
1,-7019008
1,-7520768
1,-7838720
1,-7585280
1,-8210944
1,-8846336
1,-8701952
1,-9648128
1,-8829952
1,-8707072
1,-8629248
1,-8839168
1,-8303104
1,-8675840
1,-8057856
1,-7142912
1,-7490560
1,-5292032
1,-5182976
1,-6069248
1,-7867904
1,-7577600
1,-7457280
1,-5905920
1,-4950016
1,-6592000
1,-7111168
1,-7236608
1,-5985792
1,-6996480
1,-7294976
1,-6853632
1,-6550016
1,-6445568
1,-6610944
1,-4968448
1,-5043712
1,-5270016
1,-5705728
1,-6602240
1,-6042112
1,-5677056
1,-6322176
1,-7698944
1,-8553472
1,-8014848
1,-6863872
1,-7416320
1,-8588288
1,-9534464
1,-8768000
1,-9402368
1,-10043392
1,-10246144
1,-8187904
1,-7908864
1,-7341056
1,-7915008
1,-7561728
1,-5817344
1,-5744640
1,-7347200
1,-7900160
1,-7848960
1,-6830592
1,-5202944
1,-4600832
1,-5159936
1,-6710784
1,-5374976
1,-5614592
1,-5605888
1,-5518336
1,-5054464
1,-4776960
1,-4474880
1,-4658176
1,-3340288
1,-3510272
1,-3212288
1,-3735040
1,-3173376
1,-2644992
1,-2463744
1,-1656320
1,-30720
0,1250304
0,1447936
1,-475136
1,-1631744
1,-1210880
0,789504
0,560128
1,-15360
1,-343040
1,-651776
1,-1031680
1,-847872
1,-1375744
1,-53248
1,-89600
1,-641536
1,-1074688
1,-1314304
1,-1761280
1,-1421824
1,-1084928
1,-1364992
0,398336
0,2329600
0,2835456
0,2402816
0,1551872
0,852992
0,2411520
0,2720768
0,2969600
0,1867264
0,2443264
0,2931200
0,3475968
0,2630144
0,3129856
0,3955712
0,2949632
0,2272256
0,1239552
0,2450432
0,3687424
0,2857984
0,2194432
0,4129792
0,4969472
0,3542016
0,2262016
0,3496960
0,4758016
0,4424704
0,4053504
0,3121152
0,4802560
0,4899840
0,4517888
0,3040768
0,2580992
1,-1421824
1,-2267648
1,-2417664
1,-2921472
1,-2606080
1,-2223616
1,-3560960
1,-3336704
1,-3378688
1,-2872320
1,-3361280
1,-3613696
1,-4418048
1,-4100608
1,-4085760
1,-5005824
1,-3773952
1,-4624896
1,-4364288
1,-4520448
1,-5574656
1,-4955648
1,-4834816
1,-5550080
1,-4772352
1,-5184000
1,-5277184
1,-4411392
1,-4063744
1,-2952192
1,-3134976
1,-2273792
1,-2478080
1,-1115136
1,-1280000
1,-1091584
1,-1158144
1,-1163264
1,-782336
0,330240
0,465408
0,753664
0,495104
1,-446976
0,924672
0,517632
0,1472000
0,1924608
0,1010688
0,1914880
0,2656256
0,2677248
0,3310592
0,4253696
0,3919360
0,4486144
0,4269568
0,5334528
0,5748736
0,5000704
0,4334080
0,4838912
0,4550656
0,4438016
0,3729408
0,3671552
0,2978816
0,2007040
0,2441728
0,1954304
0,1995264
0,1993216
0,3300352
0,3245568
0,2760192
0,3806720
0,3471360
0,4553728
0,4512256
0,4355072
0,5820928
0,5938176
0,6443008
0,6667776
0,7196672
0,7740928
0,7946752
0,8798720
0,8401408
0,8478208
0,8064512
0,8670208
0,7851008
0,7418368
0,8154624
0,7990784
0,8362496
0,7878656
0,7732736
0,7309824
0,7900672
0,7943168
0,8190464
0,8790016
0,8235520
0,8093696
0,9591808
0,8678400
0,8667648
0,8147968
0,7901184
0,8458240
0,7813632
0,8633344
0,9272832
0,9580032
0,10019328
0,9305600
0,9702400
0,10054656
0,10305024
0,9943552
0,10259968
0,9793536
0,11004416
0,11239936
0,11611648
0,12590080
1,-17709568
1,-16970752
1,-17185280
1,-16621568
1,-17359360
1,-16980992
1,-16038912
1,-16089600
1,-17219072
1,-16592896
1,-15744000
1,-15852544
1,-15692800
1,-16067072
1,-15363584
1,-16148992
1,-14845952
1,-15306752
1,-15236608
1,-14840320
1,-14044160
1,-14302208
1,-14319104
1,-13888000
1,-13307392
1,-12870144
1,-13368320
1,-12279296
1,-12661760
1,-12360704
1,-13015040
1,-12759552
1,-13501440
1,-13761536
1,-13604352
1,-14406656
1,-15151104
1,-14564352
1,-14263808
1,-13624320
1,-13787136
1,-13873664
1,-13217792
1,-13366784
1,-13942272
1,-14050816
1,-14318592
1,-14746112
1,-14450176
1,-14196736
1,-12855808
1,-13987328
1,-13498368
1,-13499904
1,-13483008
1,-13727232
1,-13690880
1,-12547584
1,-13237248
1,-13101568
1,-12346368
1,-12877824
1,-13027328
1,-12611584
1,-12606976
1,-12160000
1,-11870208
1,-12874752
1,-13253120
1,-13095936
1,-12622848
1,-12619776
1,-12623360
1,-12101632
1,-12290048
1,-12879872
1,-13000704
1,-12731392
1,-12210176
1,-12498432
1,-12866048
1,-12204032
1,-11240448
1,-10911744
1,-11315200
1,-11140096
1,-10947584
1,-10520064
1,-10049536
1,-10836992
1,-10613760
1,-10221056
1,-11031040
1,-10396672
1,-9904640
1,-9105408
1,-10158592
1,-9321472
1,-9087488
1,-9342976
1,-9525248
1,-8352256
1,-7824896
1,-8099328
1,-6351872
1,-7529984
1,-7658496
1,-7533056
1,-7942144
1,-7121920
1,-8315904
1,-7859200
1,-8074240
1,-7367680
1,-7724544
1,-7079424
1,-7335936
1,-6945280
1,-8102400
1,-8527360
1,-7175168
1,-7326720
1,-6934528
1,-5666304
1,-5875200
1,-5105664
1,-4275712
1,-5173248
1,-26229760
1,-25744384
1,-25656320
1,-25411072
1,-25463296
1,-25861632
1,-25290752
1,-25483264
1,-26123264
1,-25157632
1,-24978944
1,-24102400
1,-25447936
1,-24549376
1,-23791104
1,-24182272
1,-23906304
1,-24387072
1,-24861696
1,-25018880
1,-22894080
1,-23894528
1,-22232576
1,-22876672
1,-23742976
1,-23654400
1,-23900672
1,-23928832
1,-23365632
1,-22813184
1,-22596096
1,-22269440
1,-21563904
1,-21929984
1,-21197312
1,-20615680
1,-20664320
1,-21443072
1,-21901824
1,-22707200
1,-22155776
1,-22460416
1,-22748160
1,-23412736
1,-23180288
1,-23328256
1,-23457792
1,-24091136
1,-23481344
1,-22624256
1,-22001664
1,-23134720
1,-22899712
1,-22380544
1,-22926336
1,-21344256
1,-21997056
1,-21758976
1,-22350848
1,-22488064
1,-22639616
1,-22221312
1,-22488576
1,-20835840
1,-22136832
1,-21686272
1,-22749696
1,-23336448
1,-22556160
1,-23642112
1,-22941184
1,-24930816
1,-23678464
1,-22916608
1,-22826496
1,-24198656
1,-23973376
1,-21949440
1,-21375488
1,-20772352
1,-21763584
1,-21194240
1,-21302784
1,-20298752
1,-19713536
1,-18939904
1,-19077120
1,-18177536
1,-17949184
1,-17699840
1,-17748480
1,-17165824
1,-17545728
1,-16859648
1,-16641024
1,-16153088
1,-15334912
1,-15624192
1,-15316992
1,-14968832
1,-15262720
1,-15038976
1,-15581184
1,-14838784
1,-14900224
1,-15085568
1,-15400960
1,-14565376
1,-13644800
1,-13783552
1,-13552128
1,-12749312
1,-12935168
1,-12787712
1,-12996608
1,-12163584
1,-12203008
1,-12803584
1,-12490752
1,-12730368
1,-12721664
1,-12595712
1,-13142528
1,-12889600
1,-13235200
1,-13310464
1,-11770368
1,-12882944
0,2118144
0,1652736
0,1461248
0,1741824
0,2563072
0,2992128
0,2488832
0,2268672
0,1893376
0,2184192
0,2674176
0,2759680
0,1557504
0,2435584
0,2781184
0,3592704
0,2851840
0,3522560
0,3743232
0,4495360
0,4601344
0,4950016
0,4895744
0,4889088
0,4846080
0,4838400
0,5040128
0,5414912
0,5888000
0,6114816
0,5558784
0,5410816
0,4788736
0,4783616
0,5299712
0,5168640
0,5279744
0,5552640
0,6860288
0,6658560
0,6247424
0,6337536
0,6207488
0,6343680
0,6543360
0,5982208
0,5761536
0,5664768
0,6047232
0,6296064
0,5449216
0,6342656
0,6397440
0,5113344
0,5647360
0,5246464
0,4548096
0,4872192
0,5738496
0,5792256
0,5934592
0,5649920
0,5553152
0,6160896
0,5548032
0,4820992
0,5556736
0,5204480
0,4861952
0,4150272
0,5368320
0,4685312
0,4807680
0,4469760
0,3912704
0,3258880
0,4019712
0,3485696
0,4656640
0,4631040
0,5002240
0,4658688
0,4890112
0,4249088
0,4447232
0,3359232
0,3366400
0,2708992
0,3517952
0,2113024
0,3650560
0,2228736
0,3200000
0,3018752
0,1980416
0,2952192
0,2275328
0,1732608
0,1148416
0,1344512
0,1581056
0,1343488
0,1102336
0,882688
0,1286144
0,762880
0,751104
0,845824
0,55296
0,879104
0,949248
0,958464
0,779776
0,1591296
0,1586176
0,1260032
0,1759744
0,1292288
0,631808
0,597504
0,1446400
0,1518080
0,1603072
0,2337792
0,2094080
0,2359808
0,2322432
0,1360384
0,20582912
0,20278784
0,20633088
0,20829184
0,20690432
0,19484672
0,19999744
0,19272192
0,18849792
0,18870784
0,18846720
0,19307520
0,18548736
0,18472448
0,17561600
0,18302464
0,17378816
0,17438720
0,17097216
0,16635904
0,16058880
0,16819712
0,16790528
0,17895424
0,17503232
0,16541184
0,17333248
0,16557056
0,16261120
0,15857664
0,15690752
0,15020032
0,15045120
0,15102976
0,14972416
0,14881792
0,14286848
0,14517760
0,13706752
0,13810176
0,12981760
0,13635072
0,13067776
0,12553216
0,13340672
0,13036032
0,13889024
0,14056448
0,13190144
0,13363712
0,13364224
0,13432320
0,13813248
0,13531136
0,13713408
0,14070784
0,13910528
0,14629888
0,13868544
0,13455872
0,13431808
0,13161472
0,13339136
0,12512256
0,12134400
0,12347392
0,12335616
0,12018688
0,11565568
0,11396096
0,10967040
0,10617344
0,10646016
0,10369024
0,10546176
0,10166272
0,10295808
0,10087424
0,10127872
0,10140672
0,9309184
0,8957952
0,9154048
0,8853504
0,8686592
0,8494592
0,8774144
0,8553984
0,7996928
0,8753664
0,8109568
0,8349696
0,7457280
0,7862784
0,7543296
0,7851520
0,7827456
0,7255552
0,7467520
0,7931904
0,7808512
0,7351808
0,7144448
0,7809024
0,7596032
0,7473664
0,8036864
0,7384576
0,7652352
0,7980032
0,7537664
0,6795776
0,6525952
0,6302208
0,6304768
0,6462464
0,6094336
0,6609920
0,6751232
0,6412800
0,6054400
0,6015488
0,6402048
0,5373440
0,4861440
0,4096000
0,4482048
0,4045312
1,-24936448
1,-24648192
1,-24741888
1,-25195520
1,-24664064
1,-24746496
1,-24500224
1,-24910336
1,-25003520
1,-25416704
1,-24610816
1,-25062400
1,-26306560
1,-25556992
1,-25119232
1,-24865280
1,-24818176
1,-24919552
1,-24839168
1,-24855552
1,-23303168
1,-24754176
1,-24325632
1,-23558144
1,-23437824
1,-23373824
1,-23074304
1,-22678016
1,-22746112
1,-22025216
1,-21901824
1,-22562816
1,-21748224
1,-21962752
1,-21743104
1,-21089792
1,-20866560
1,-20506624
1,-21170688
1,-20940288
1,-21558784
1,-21819904
1,-21037056
1,-21916160
1,-20787712
1,-20883456
1,-21134336
1,-21082112
1,-21104640
1,-21441024
1,-21808128
1,-21362176
1,-21175808
1,-21440512
1,-21174784
1,-22044672
1,-21961216
1,-21588480
1,-22522880
1,-21907968
1,-22554112
1,-22012928
1,-22793216
1,-23543808
1,-22916096
1,-23232000
1,-22587904
1,-22762496
1,-22735360
1,-22251520
1,-22132736
1,-22648320
1,-22042112
1,-21633024
1,-21564416
1,-21483008
1,-21722624
1,-20925952
1,-21048832
1,-20070912
1,-20482048
1,-20575744
1,-20241408
1,-20345856
1,-19832832
1,-19894272
1,-20200448
1,-19784192
1,-19305472
1,-19885056
1,-19707904
1,-19146240
1,-18905088
1,-18790912
1,-18270720
1,-18603008
1,-18431488
1,-18714624
1,-18585600
1,-18266112
1,-17657344
1,-18298368
1,-17697792
1,-17847808
1,-17673216
1,-18002944
1,-18521600
1,-18212864
1,-18045440
1,-18093056
1,-18566656
1,-18209792
1,-18195456
1,-17769984
1,-17651200
1,-18440192
1,-18045952
1,-19219968
1,-18030592
1,-18584576
1,-18487808
1,-18590720
1,-18632704
1,-17876480
1,-18080256
1,-18569728
1,-18759168
1,-18522624
1,-25875456
1,-25789952
1,-25628672
1,-26807296
1,-26953728
1,-27346432
1,-26071040
1,-26804224
1,-25850880
1,-26038272
1,-26061312
1,-25880576
1,-26029568
1,-26622464
1,-26467840
1,-25699328
1,-25681408
1,-25850880
1,-25228800
1,-25368064
1,-25212928
1,-25558528
1,-26251776
1,-25581568
1,-25950720
1,-25488384
1,-25789952
1,-25873408
1,-25677824
1,-25439232
1,-25628160
1,-25055744
1,-25267712
1,-25546752
1,-25667072
1,-25183744
1,-25825280
1,-25604096
1,-24844800
1,-25541632
1,-24622592
1,-25022976
1,-24023040
1,-24252928
1,-24126464
1,-23934976
1,-23661568
1,-23317504
1,-23718400
1,-24206848
1,-23548928
1,-23737344
1,-23475200
1,-23519232
1,-22994944
1,-22806016
1,-22802944
1,-23257600
1,-23737344
1,-23070208
1,-23282688
1,-23332352
1,-22310400
1,-22887424
1,-22608896
1,-22756864
1,-22941184
1,-23317504
1,-23380480
1,-22359552
1,-23683072
1,-22299136
1,-22281728
1,-22193152
1,-22595584
1,-21985280
1,-22407680
1,-22054912
1,-22373888
1,-22513664
1,-22464000
1,-22968832
1,-22036480
1,-21685248
1,-21161984
1,-20911616
1,-20858880
1,-20948992
1,-20121600
1,-21164032
1,-20838912
1,-20947456
1,-21074432
1,-20869120
1,-21244416
1,-19987456
1,-19822592
1,-20323328
1,-19496448
1,-19952640
1,-20858880
1,-20248576
1,-19844096
1,-20679680
1,-20311040
1,-20352512
1,-20061696
1,-19891712
1,-20764672
1,-20330496
1,-20428800
1,-19781632
1,-19838464
1,-19763712
1,-18850304
1,-19761152
1,-18674176
1,-18409984
1,-17922560
1,-18691072
1,-18336768
1,-18659328
1,-17515520
1,-18408960
1,-18060800
1,-18451968
1,-17928704
1,-18171392
1,-579072
1,-502272
1,-832512
1,-604160
1,-839680
1,-1252352
1,-1722880
1,-2163200
1,-2297856
1,-2064384
1,-3260416
1,-3257344
1,-2696704
1,-2408448
1,-2002944
1,-2269184
1,-2165248
1,-1409024
1,-1616896
1,-1486848
1,-1632256
1,-676352
1,-1572864
1,-1485312
1,-1222656
1,-2486784
1,-2183680
1,-2400768
1,-2707456
1,-2748928
1,-2915840
1,-3078144
1,-3167232
1,-2995712
1,-2652160
1,-2748416
1,-2590720
1,-1828864
1,-1488896
1,-893952
1,-1656320
1,-1389568
1,-2004992
1,-2432000
1,-2607616
1,-2477568
1,-3267072
1,-3568640
1,-4270080
1,-4597760
1,-5502976
1,-6240768
1,-5890560
1,-6460416
1,-6870016
1,-6777856
1,-7431680
1,-7128064
1,-8195072
1,-8170496
1,-8437248
1,-8824320
1,-8135680
1,-8230912
1,-8803328
1,-9534464
1,-9450496
1,-8747520
1,-8733184
1,-8500224
1,-8877056
1,-8701952
1,-8666624
1,-8268288
1,-8322560
1,-8101376
1,-7734272
1,-6524416
1,-6205952
1,-5832704
1,-4662272
1,-5275648
1,-4986880
1,-4512256
1,-4677632
1,-4628992
1,-5746176
1,-5371392
1,-4517376
1,-4870656
1,-4563456
1,-5106688
1,-5357056
1,-5485568
1,-5281792
1,-4732928
1,-5414912
1,-5524480
1,-5223936
1,-4319232
1,-4678144
1,-4055552
1,-3555328
1,-3165184
1,-2788352
1,-3417088
1,-2927616
1,-3497984
1,-2663936
1,-2499072
1,-2107904
1,-2591232
1,-2503680
1,-3065856
1,-3091456
1,-2999296
1,-3046912
1,-3037696
1,-2955776
1,-3068416
1,-3367424
1,-2399232
1,-2245632
1,-2060288
1,-2045440
1,-1807872
1,-1496064
1,-1635840
0,11223040
0,11260416
0,11913728
0,12348928
0,12019200
0,12602880
0,12658688
0,12262912
0,11932160
0,12126720
0,12849152
0,12222464
0,12385792
0,12676608
0,13706240
0,13611520
0,13797888
0,13058048
0,12798464
0,13113856
0,12967424
0,13215744
0,12929024
0,13447168
0,13030400
0,14632960
0,14243840
0,13533696
0,13167616
0,12818432
0,12682240
0,12673536
0,12803584
0,12614144
0,12964352
0,13977600
0,13766144
0,14253568
0,14379008
0,14532096
0,14610944
0,15139840
0,14578688
0,15044096
0,14550528
0,14706688
0,14854144
0,15652352
0,14639616
0,15643136
0,15982080
0,15130112
0,15378432
0,15212032
0,15725056
0,15626240
0,16122368
0,16304640
0,16643584
0,16633856
0,16060928
0,16686080
0,16098816
0,15477248
0,15863296
0,15773696
0,16046592
0,15969792
0,16472064
0,16873984
0,15992320
0,16561152
0,16884736
0,16775168
0,16227840
0,16251392
0,16347648
0,17211392
0,16489472
0,16802304
0,16995840
0,17112064
0,16578048
0,16572416
0,16310784
0,16653312
0,16500736
0,16826368
0,17972736
0,17759232
0,18258944
0,18493440
0,18597888
0,18908672
0,18069504
0,18025984
0,18137088
0,18380800
0,18098688
0,19161600
0,18598912
0,18700800
0,18366464
0,18708992
0,18049024
0,17831424
0,18149888
0,17682944
0,17689088
0,17617920
0,18056704
0,18215936
0,18633216
0,19852288
0,19013632
0,19031552
0,18502656
0,18067968
0,17344512
0,17463296
0,17809408
0,17789440
0,18123776
0,17820160
0,18618368
0,18316288
0,17862144
0,18159104
0,4337664
0,4005888
0,4354560
0,4150272
0,3952640
0,5100032
0,4864000
0,6074368
0,5151744
0,5287424
0,4687360
0,4591616
0,4975104
0,4609024
0,4828672
0,5351424
0,5619200
0,5588992
0,4809216
0,4706304
0,3953664
0,4071424
0,2934272
0,2757120
0,1994240
0,2948608
0,2234880
0,2606592
0,2252288
0,3000320
0,2563072
0,2136064
0,1432064
1,-254464
0,250880
0,376320
1,-95232
0,197120
1,-47104
1,-535552
1,-1283072
1,-803840
1,-1253888
1,-2238464
1,-2712064
1,-2832384
1,-3024384
1,-3433984
1,-2909696
1,-2329088
1,-2776576
1,-3332608
1,-3873280
1,-2529792
1,-3163648
1,-3609600
1,-4321280
1,-4067840
1,-3894784
1,-5123072
1,-4402688
1,-4439040
1,-4900352
1,-5196800
1,-5178368
1,-6317056
1,-6580736
1,-6430208
1,-6474752
1,-6005248
1,-6143488
1,-6367232
1,-6459904
1,-5776896
1,-5989376
1,-6514176
1,-6330368
1,-5914112
1,-6498816
1,-6347776
1,-6068736
1,-6217728
1,-5565952
1,-5744128
1,-6223360
1,-7144448
1,-6807040
1,-6711808
1,-6799872
1,-7271936
1,-7060480
1,-7778816
1,-7851520
1,-7441408
1,-9324032
1,-8291840
1,-9006592
1,-9472000
1,-9882112
1,-10725888
1,-9987584
1,-9896960
1,-9758720
1,-10541568
1,-9955840
1,-9972736
1,-10080256
1,-10824704
1,-10680832
1,-11529216
1,-12066816
1,-11943424
1,-12216320
1,-12044288
1,-12208128
1,-11765760
1,-12551680
1,-13438464
1,-12752384
1,-13774336
1,-14085632
1,-13884416
1,-14321152
1,-14742528
1,-14596096
1,-14679552
1,-14539264
1,-15175680
1,-24145920
1,-24568832
1,-24723968
1,-26072576
1,-25825792
1,-26042368
1,-26081280
1,-24617984
1,-24964608
1,-24964608
1,-25639424
1,-25940480
1,-26285568
1,-25945088
1,-26966528
1,-26326016
1,-26270720
1,-25841152
1,-25719808
1,-26420224
1,-25984512
1,-26267648
1,-26539520
1,-26893312
1,-25901056
1,-26652160
1,-26257408
1,-26275328
1,-26018816
1,-26426368
1,-26183680
1,-26312704
1,-27073024
1,-27228160
1,-27153920
1,-26724864
1,-27220480
1,-26662400
1,-26761216
1,-26386944
1,-26110464
1,-26074112
1,-26059776
1,-25900032
1,-26466304
1,-25748480
1,-26595840
1,-26226176
1,-25673216
1,-24851456
1,-25083904
1,-24929792
1,-25200640
1,-25726976
1,-26062848
1,-26143232
1,-26312704
1,-26356736
1,-25955328
1,-25942528
1,-25638912
1,-24521216
1,-24688640
1,-24299008
1,-24010240
1,-23972352
1,-24378368
1,-23868416
1,-24164352
1,-24223744
1,-24001024
1,-24076288
1,-24399360
1,-23752192
1,-23685120
1,-23220224
1,-23587328
1,-23373312
1,-23482880
1,-23634432
1,-23242240
1,-23784960
1,-22923776
1,-23318016
1,-23791616
1,-23249920
1,-23449088
1,-23492608
1,-24009728
1,-23514112
1,-23191040
1,-23258112
1,-23183872
1,-22464512
1,-22359040
1,-22982656
1,-22071808
1,-22574080
1,-22014464
1,-22702080
1,-22131712
1,-22236672
1,-22635520
1,-22857216
1,-22435328
1,-21763072
1,-22453248
1,-21552128
1,-21945344
1,-22593536
1,-23313920
1,-22343168
1,-22176256
1,-21918208
1,-22248960
1,-21399552
1,-20768768
1,-21206016
1,-20747264
1,-21724672
1,-21697536
1,-21121024
1,-21593600
1,-21016064
1,-21330944
1,-20591616
1,-20343808
1,-19286528
0,10524160
0,9795584
0,10003968
0,10218496
0,9837568
0,9580032
0,8451072
0,8014336
0,8597504
0,8565248
0,8014848
0,7821824
0,8166400
0,8432640
0,8580096
0,7975936
0,7397888
0,7431680
0,6349824
0,6974464
0,6344192
0,7469568
0,7917056
0,8003072
0,8814080
0,8171008
0,7394304
0,7435776
0,7254016
0,6637056
0,6735872
0,7463936
0,7547904
0,7327744
0,7140352
0,7476736
0,7208960
0,6450176
0,6342656
0,6313984
0,6171648
0,5520896
0,6337536
0,6502400
0,5944832
0,6834688
0,6888960
0,6390272
0,5403136
0,5142528
0,4220928
0,4247552
0,3727872
0,4146176
0,4125184
0,3989504
0,3768320
0,4092928
0,2873344
0,2709504
0,1669632
0,1930752
0,2030080
0,1147392
0,1324032
0,2123776
0,1527808
0,2390528
0,2103808
0,1763328
0,1315328
0,1592320
0,1957376
0,1320448
0,1668608
0,1766400
0,1908224
0,2019840
0,2135040
0,1969664
0,2092032
0,786944
0,749056
0,73728
0,279552
1,-267264
0,371200
0,332288
0,415744
0,355328
1,-73216
1,-698368
1,-717312
1,-1316864
1,-1018368
1,-429056
1,-1290240
1,-494592
1,-369152
1,-7168
1,-756736
1,-381952
1,-687104
1,-723456
1,-1711616
1,-954880
1,-583680
1,-1770496
1,-1252864
1,-905728
1,-842752
0,10752
1,-802304
0,115712
1,-304128
0,841216
0,30208
1,-219648
0,161792
0,141824
0,573440
0,464896
0,1136128
0,422400
0,1206784
0,1243648
0,475648
0,1227264
0,21705216
0,21666816
0,22365696
0,21795840
0,21933568
0,21370880
0,21275136
0,20911104
0,21579776
0,21430784
0,22562304
0,21346816
0,21078016
0,21306880
0,20298752
0,20676608
0,20222464
0,19439616
0,19531264
0,19662848
0,19705856
0,19611648
0,19627008
0,19272704
0,19665920
0,18689024
0,18335744
0,17927168
0,17612800
0,18130944
0,18471936
0,19552768
0,19314688
0,19812352
0,19671552
0,19089920
0,19529216
0,18502656
0,18656256
0,18825728
0,18219008
0,18345472
0,17926144
0,18842112
0,19101696
0,18603008
0,17817088
0,17060352
0,16071168
0,15565824
0,15008768
0,15986176
0,15934976
0,16392704
0,16288256
0,16347136
0,14608896
0,14669824
0,14872064
0,14531584
0,15035392
0,15277568
0,14907904
0,14398976
0,14572032
0,15345664
0,14342144
0,14912000
0,14622208
0,14833664
0,13956608
0,13792256
0,13684736
0,13953024
0,14088704
0,13687808
0,14240256
0,13156864
0,12600320
0,12423168
0,11137536
0,11022848
0,10273792
0,10724864
0,10310656
0,10246144
0,10220544
0,10110464
0,9549824
0,9458176
0,8581120
0,8400384
0,7424512
0,7753728
0,7517184
0,8389632
0,7727104
0,7691776
0,7454720
0,7782912
0,6880256
0,7971328
0,8322560
0,7915008
0,7799296
0,7252992
0,7781376
0,7703040
0,7697408
0,7351808
0,7529984
0,7103488
0,6806528
0,5851648
0,6012416
0,5873664
0,5535232
0,5987328
0,5256704
0,5638656
0,4931072
0,4461056
0,3238912
0,3125248
0,2318848
0,1404928
0,873984
0,989696
1,-19592704
1,-19119104
1,-18277376
1,-17243136
1,-17052160
1,-16759808
1,-17325056
1,-17442304
1,-17314816
1,-16492032
1,-16173568
1,-15141376
1,-15179776
1,-15264768
1,-14403584
1,-15825920
1,-16434688
1,-15760896
1,-15636480
1,-15355904
1,-16756736
1,-16178176
1,-14769664
1,-16246272
1,-14782976
1,-14854144
1,-13819392
1,-13876736
1,-14411776
1,-12794880
1,-13898752
1,-13932544
1,-13485568
1,-13023232
1,-11831808
1,-12854784
1,-11900928
1,-12153344
1,-12566016
1,-12789248
1,-14076928
1,-13320192
1,-14034944
1,-14584320
1,-14016000
1,-15104000
1,-14097920
1,-14000640
1,-13000704
1,-14055424
1,-14988288
1,-14920704
1,-15340032
1,-13969920
1,-14350336
1,-14263808
1,-13991936
1,-13941760
1,-13981696
1,-13860864
1,-14742016
1,-15138304
1,-15455744
1,-16395776
1,-15731200
1,-14818304
1,-13044224
1,-13498880
1,-13197312
1,-12262400
1,-12846080
1,-12644352
1,-13075456
1,-12282368
1,-12011008
1,-11184640
1,-10858496
1,-11224064
1,-10494464
1,-11278336
1,-10839040
1,-10017792
1,-11275776
1,-10560000
1,-10797568
1,-10614272
1,-9894400
1,-11404288
1,-9888256
1,-9359872
1,-8982528
1,-9275904
1,-9803264
1,-10268160
1,-10366976
1,-10097152
1,-9818624
1,-9614336
1,-10554880
1,-10709504
1,-9318912
1,-9554944
1,-9726464
1,-9813504
1,-10280960
1,-9944064
1,-9609216
1,-9893888
1,-9168384
1,-9112064
1,-9824256
1,-9422848
1,-9358336
1,-9244672
1,-9336320
1,-10835456
1,-9495040
1,-10456576
1,-10693632
1,-9715712
1,-10787840
1,-9543680
1,-9549824
1,-9466368
1,-8703488
1,-9260032
1,-9549312
1,-9046528
1,-7980544
1,-8415232
1,-8309248
1,-10998784
1,-9558016
1,-10330624
1,-9790976
1,-10117120
1,-9435136
1,-10164224
1,-9402880
1,-9134592
1,-11082752
1,-10727936
1,-10800128
1,-10835968
1,-10899968
1,-10663936
1,-10640384
1,-10897408
1,-9980928
1,-10607104
1,-10864640
1,-11024896
1,-13131264
1,-11337728
1,-11504640
1,-11755520
1,-12201984
1,-11857920
1,-10794496
1,-10271232
1,-10774016
1,-11198976
1,-12606976
1,-10975232
1,-12246528
1,-11597312
1,-12969984
1,-10405888
1,-11082240
1,-11519488
1,-11150336
1,-12043776
1,-11796992
1,-13465088
1,-14624768
1,-14035456
1,-13139456
1,-13917184
1,-13315072
1,-13926400
1,-13684224
1,-13572096
1,-13939712
1,-14773760
1,-14098432
1,-14732288
1,-14495744
1,-14628352
1,-15184384
1,-15246848
1,-15187968
1,-14924288
1,-15441408
1,-15968768
1,-15768064
1,-16338432
1,-15804416
1,-16257536
1,-16610304
1,-14815232
1,-14765568
1,-15988736
1,-15264256
1,-16097792
1,-15975936
1,-16037888
1,-16294400
1,-16903680
1,-16784896
1,-17032192
1,-15857152
1,-15998976
1,-14708224
1,-14675968
1,-14122496
1,-14145536
1,-14131712
1,-14254592
1,-14504448
1,-13399552
1,-13247488
1,-12443648
1,-11867136
1,-13572608
1,-11768320
1,-12059136
1,-12460544
1,-13084672
1,-12256256
1,-13415424
1,-13386752
1,-12090880
1,-13032960
1,-13408768
1,-12662784
1,-13543424
1,-13455872
1,-12590080
1,-13950464
1,-14267904
1,-13042176
1,-12808704
1,-13112832
1,-12462080
1,-12958208
1,-12421120
1,-12346880
1,-12358144
1,-12270080
1,-12338688
1,-13050368
1,-11981312
1,-11963904
1,-12063232
1,-13021184
1,-12190720
0,2505728
0,2955264
0,2265088
0,2999296
0,1386496
0,1439232
0,867328
0,19456
0,301056
1,-20992
0,1034240
0,585216
0,502784
0,236544
0,292864
1,-322048
1,-465408
1,-2392064
1,-2908672
1,-2603008
1,-2354688
1,-1327616
1,-1816064
1,-1851904
1,-2104832
1,-2735616
1,-2168320
1,-2240000
1,-2714112
1,-3091456
1,-2631168
1,-2012672
1,-2221056
1,-1940480
1,-1841664
1,-2040832
1,-1947648
1,-2429440
1,-3062784
1,-2468864
1,-3597312
1,-4878848
1,-3885568
1,-4043776
1,-3059200
1,-3588608
1,-2998272
1,-3335680
1,-5016064
1,-4547584
1,-4985856
1,-5429760
1,-6400512
1,-6919680
1,-6006272
1,-5639680
1,-4742656
1,-5352448
1,-5201920
1,-4526592
1,-5296128
1,-5399040
1,-5535744
1,-6895616
1,-7604224
1,-6690816
1,-7296000
1,-7525888
1,-7398912
1,-7475712
1,-7954944
1,-8406016
1,-8963584
1,-9450496
1,-9283584
1,-9571840
1,-8425984
1,-9635328
1,-9362432
1,-9177600
1,-8480768
1,-8958976
1,-9481728
1,-9234432
1,-9340928
1,-10731520
1,-11035136
1,-10716160
1,-9426432
1,-9550336
1,-8926208
1,-10126336
1,-10516992
1,-11407360
1,-11407360
1,-12161536
1,-12040192
1,-11743744
1,-11938816
1,-11759616
1,-11254784
1,-11154944
1,-11999232
1,-11748352
1,-12963840
1,-11473920
1,-12270080
1,-12869120
1,-13088768
1,-13538304
1,-13218816
1,-13306880
1,-13460992
1,-13703168
1,-14206464
1,-13818368
1,-14246400
1,-13432320
1,-12743168
1,-12346880
1,-11616768
1,-11385344
1,-12159488
1,-12360704
1,-13221376
1,-13707776
1,-13770752
1,-14709248
1,-22474240
1,-22159872
1,-22701568
1,-22248960
1,-21387776
1,-21937664
1,-22647296
1,-22984192
1,-22989312
1,-23057920
1,-23562752
1,-22901248
1,-22562816
1,-22110208
1,-22410752
1,-21009408
1,-20960768
1,-21081088
1,-21544960
1,-21869056
1,-21517824
1,-21043200
1,-20971520
1,-20734464
1,-20502016
1,-19938304
1,-19451904
1,-21081088
1,-20495872
1,-20770304
1,-20971520
1,-21210112
1,-21667328
1,-22037504
1,-21872128
1,-21482496
1,-21520896
1,-21811200
1,-21312512
1,-20628480
1,-21056000
1,-21714944
1,-21651968
1,-21628928
1,-20889088
1,-20227584
1,-20825088
1,-19744768
1,-19819520
1,-19878400
1,-19883008
1,-20248576
1,-20559360
1,-20815360
1,-20598272
1,-19684352
1,-19640320
1,-18417664
1,-18041856
1,-17925120
1,-17534976
1,-17956864
1,-17800704
1,-18182656
1,-17219584
1,-17354752
1,-17768960
1,-16991744
1,-16038400
1,-15726592
1,-15898112
1,-16012800
1,-16480256
1,-16576000
1,-16582144
1,-16415744
1,-16501248
1,-15746560
1,-15832064
1,-14440960
1,-14425600
1,-14272000
1,-14201344
1,-13885440
1,-14527488
1,-14861312
1,-14746112
1,-13522944
1,-13246464
1,-12231680
1,-11846656
1,-12282368
1,-12349952
1,-12237312
1,-12542464
1,-12886528
1,-12354048
1,-13063680
1,-12357632
1,-11545600
1,-11634688
1,-11420160
1,-11482112
1,-11483136
1,-11868672
1,-11745792
1,-12358656
1,-12757504
1,-11799552
1,-11932160
1,-11909632
1,-12193280
1,-11456512
1,-11906048
1,-12234240
1,-12718592
1,-13118976
1,-12829696
1,-13684224
1,-13140480
1,-11988480
1,-11902464
1,-11249152
1,-11116544
1,-10436608
1,-10218496
1,-10674176
1,-10975232
1,-21802496
1,-20052992
1,-21013504
1,-22472704
1,-21272576
1,-21234176
1,-21632000
1,-22024704
1,-21450752
1,-20378112
1,-20561408
1,-20371456
1,-19308544
1,-20133888
1,-20014592
1,-20249600
1,-19198976
1,-19611648
1,-19581952
1,-18576896
1,-18015744
1,-18484736
1,-18888704
1,-18122752
1,-18722816
1,-17425408
1,-18064384
1,-18578944
1,-18678784
1,-17990144
1,-18006016
1,-18024448
1,-16941568
1,-18197504
1,-18614784
1,-18523136
1,-18750976
1,-17747456
1,-18167808
1,-18388992
1,-17515520
1,-17152000
1,-16950272
1,-17899008
1,-17486848
1,-16782848
1,-17052160
1,-17348608
1,-17564160
1,-17353728
1,-17324544
1,-17442816
1,-17402880
1,-17262592
1,-16197120
1,-16428032
1,-16750080
1,-17563648
1,-17765888
1,-17887744
1,-17649152
1,-17529856
1,-16971776
1,-15982080
1,-15501312
1,-16025600
1,-16819200
1,-16876032
1,-17601536
1,-16960000
1,-16164864
1,-16105984
1,-15181824
1,-15597056
1,-15344128
1,-16653824
1,-15457280
1,-16458752
1,-17491968
1,-17600000
1,-16960000
1,-16553472
1,-15340032
1,-16351744
1,-16978432
1,-17163264
1,-16741376
1,-16288768
1,-16678400
1,-16375808
1,-15532544
1,-16288768
1,-16376832
1,-16622592
1,-16223232
1,-17118208
1,-15320576
1,-14808576
1,-15147520
1,-15357440
1,-13857280
1,-15004672
1,-13499392
1,-13463040
1,-11866624
1,-12647424
1,-12485632
1,-12840960
1,-11087360
1,-11958784
1,-12194816
1,-12717056
1,-12527616
1,-12069888
1,-11589632
1,-11281920
1,-12349952
1,-12536320
1,-11590656
1,-11145216
1,-11218432
1,-10588672
1,-10143744
1,-11791360
1,-11857408
1,-11221504
1,-10380288
1,-10108416
0,8944128
0,9178624
0,9332736
0,9503744
0,9385472
0,9428992
0,10397696
0,11020800
0,10843136
0,10206720
0,9573376
0,9400320
0,9872384
0,10012672
0,9720320
0,9847296
0,9887232
0,10500096
0,10526208
0,10156544
0,10717184
0,10320384
0,9728000
0,9420800
0,9865728
0,9710080
0,10023936
0,10960896
0,11035136
0,11099648
0,10276352
0,9989632
0,9740288
0,8882688
0,9576960
0,9666560
0,10443264
0,10736640
0,11536896
0,12220416
0,11548160
0,11815424
0,11980288
0,11450880
0,10876928
0,11066368
0,11286528
0,11637760
0,12139008
0,12302336
0,12177408
0,12143104
0,11672064
0,11133440
0,11139072
0,9858560
0,9830912
0,9242624
0,10347008
0,10814976
0,11269120
0,11096064
0,11246080
0,11003392
0,10312704
0,11201024
0,10528256
0,10957824
0,10439168
0,11487232
0,11772928
0,11311104
0,12286464
0,11900928
0,11363328
0,10982912
0,10644992
0,10180096
0,10536960
0,10383360
0,10214912
0,11451904
0,10805760
0,11506176
0,10977280
0,10670080
0,10224128
0,9942528
0,10001920
0,10827776
0,10621440
0,10914304
0,11580416
0,11980288
0,11738112
0,11950592
0,12139520
0,11651072
0,11532288
0,11204608
0,11156992
0,11153920
0,11551232
0,12451840
0,11934208
0,11829248
0,11286528
0,10992128
0,10185216
0,10285568
0,10202112
0,10591232
0,10857472
0,10238464
0,10860544
0,10296832
0,9872384
0,10196480
0,8996864
0,8961024
0,8287232
0,8651776
0,9020416
0,9556480
0,9998848
0,10231296
0,10427392
0,10285568
0,5236224
0,5390848
0,5349888
0,5118464
0,6069760
0,6768128
0,7287808
0,7406080
0,6861824
0,7246336
0,7158272
0,6936064
0,7198208
0,8022528
0,8270336
0,7914496
0,8230400
0,8829952
0,8736768
0,8884224
0,8509440
0,7811584
0,7941120
0,8094208
0,8699392
0,8311296
0,8592896
0,9848832
0,9142784
0,9271808
0,8667648
0,8881152
0,8906240
0,8659968
0,8961024
0,9931776
0,10596352
0,10863104
0,11324928
0,11456512
0,11036672
0,11057152
0,10574336
0,11088896
0,11816960
0,11396096
0,12029440
0,12407808
0,12823552
0,12707328
0,12484608
0,11847168
0,10964992
0,11518976
0,10707968
0,10793984
0,11513344
0,12237824
0,12994560
0,13688832
0,13912576
0,13697536
0,14180352
0,13322752
0,13679104
0,12928000
0,13062144
0,13035520
0,13346816
0,13828096
0,14921216
0,14246912
0,14312960
0,14197760
0,13890048
0,13677056
0,13138432
0,12918272
0,13460480
0,14051328
0,14802432
0,14599168
0,13859840
0,14830080
0,14173696
0,13558784
0,14284800
0,13334528
0,14486016
0,14046208
0,14620672
0,14747648
0,14045696
0,14404096
0,14135296
0,14057472
0,13552128
0,13533184
0,14294528
0,14786560
0,15356416
0,15702016
0,16037376
0,16204800
0,16024064
0,15833600
0,15364608
0,15833600
0,15976448
0,16315904
0,16893952
0,17082880
0,17833984
0,17796096
0,17220096
0,17285120
0,17095680
0,16217600
0,16839680
0,16612352
0,16086528
0,17230336
0,18202624
0,19053568
0,18138624
0,18179072
0,16726528
0,16640000
0,11194880
0,10384896
0,9835520
0,10473984
0,11290624
0,10298880
0,10584576
0,10744832
0,10894336
0,10269696
0,8931328
0,9462272
0,8804864
0,9138688
0,9544192
0,9591296
0,9822208
0,9970688
0,10661888
0,9983488
0,10370560
0,9741312
0,10174464
0,9311232
0,9126400
0,9203200
0,9293312
0,9369088
0,9998848
0,9261056
0,9261568
0,8999936
0,8436224
0,7702528
0,7152128
0,6952960
0,6325248
0,6252544
0,5465088
0,5561344
0,5580800
0,5188608
0,4443136
0,4072960
0,3656704
0,3514368
0,3382784
0,3697664
0,4024320
0,4029440
0,3850752
0,3043840
0,3581952
0,3058176
0,2787840
0,1716224
0,2136576
0,2517504
0,2681344
0,2788352
0,2920960
0,2793472
0,1416704
0,1316352
0,1085952
1,-14336
0,270848
0,136192
1,-504320
1,-649728
0,380416
0,831488
0,149504
0,38400
1,-392192
1,-400896
1,-1580544
1,-1278976
1,-1498112
1,-768000
1,-1143296
1,-1124352
1,-859136
1,-1222656
1,-794112
1,-1929728
1,-1748992
1,-2128384
1,-1960960
1,-2533888
1,-2540032
1,-2406400
1,-3002880
1,-2547712
1,-3083264
1,-3175936
1,-4015104
1,-4006400
1,-4417536
1,-5186560
1,-4636672
1,-5544960
1,-5118464
1,-6096896
1,-6376448
1,-5929984
1,-7297536
1,-6989312
1,-7421440
1,-7828480
1,-7693312
1,-8667648
1,-7702528
1,-7252992
1,-8022016
1,-7322112
1,-7023616
1,-7833088
1,-8566784
1,-7879680
1,-8784384
1,-9223680
1,-8939008
1,-9188864
1,-8560640
1,-8970240
1,-9123840
1,-10149376
1,-1155072
1,-417280
1,-902656
0,446464
0,489984
0,822272
0,1439232
0,1486848
0,962560
0,435712
0,323072
0,305664
1,-1167872
0,173056
1,-11264
0,131584
0,1349120
0,1407488
0,2036224
0,1677312
0,2327040
0,2808832
0,2519040
0,3292160
0,3612160
0,4567552
0,5717504
0,6075392
0,6486016
0,6986240
0,6580224
0,6771712
0,7197184
0,7377408
0,7170560
0,7567360
0,8457728
0,8756736
0,8893440
0,8223744
0,8918016
0,8403456
0,7734784
0,8393216
0,7835648
0,7211008
0,7955456
0,8022016
0,7419904
0,7582720
0,7906816
0,7558144
0,7779328
0,7837184
0,8463360
0,8836608
0,8526848
0,9172480
0,9998336
0,9751552
0,9632768
0,9322496
0,8178688
0,7706112
0,6815232
0,6155264
0,5284864
0,5506048
0,5248512
0,4740096
0,4482560
0,3835392
0,3124224
0,2781696
0,3027968
0,2274816
0,3026432
0,3347456
0,4143616
0,5178368
0,5625344
0,6111744
0,7367680
0,7714304
0,7837184
0,8199168
0,8743936
0,9093120
0,9175040
0,8586752
0,9555968
0,9266176
0,8830464
0,7955968
0,7537152
0,6984704
0,5703680
0,6401536
0,6444544
0,6597632
0,7013376
0,7185920
0,7434240
0,7810560
0,6825984
0,7351296
0,7663616
0,7472128
0,8044544
0,7648768
0,8948736
0,9980416
0,9931264
0,10706432
0,11355136
0,10449920
0,10222080
0,9974272
0,10334208
0,9211392
0,9234944
0,8880640
0,8861696
0,8080384
0,8033280
0,6877184
0,6551552
0,5356032
1,-6742016
1,-6198272
1,-5624320
1,-4946944
1,-3894272
1,-4505088
1,-4519424
1,-4311040
1,-5423616
1,-5325312
1,-5721600
1,-5815808
1,-5315072
1,-5678080
1,-5471232
1,-5528064
1,-5090816
1,-4279808
1,-5390848
1,-5097472
1,-4670976
1,-4901888
1,-4160000
1,-4019712
1,-4040192
1,-3844096
1,-4078080
1,-3702784
1,-4518400
1,-4182528
1,-5536768
1,-5350400
1,-5412352
1,-5334016
1,-5688832
1,-5897728
1,-5208064
1,-4990976
1,-5157888
1,-5344768
1,-5094400
1,-4611072
1,-4326400
1,-3787776
1,-4086784
1,-3689984
1,-4065280
1,-3580928
1,-4331008
1,-4774400
1,-4485120
1,-4793856
1,-4085248
1,-4897280
1,-4683264
1,-4377088
1,-4204032
1,-4244992
1,-3713536
1,-4148224
1,-4039168
1,-4009472
1,-3668480
1,-3810816
1,-4096512
1,-3700736
1,-4090880
1,-3653632
1,-3688448
1,-3121152
1,-3950080
1,-3141120
1,-3362816
1,-3368448
1,-3502080
1,-3570688
1,-3344896
1,-3440128
1,-2655744
1,-2923520
1,-3069952
1,-2403840
1,-3336192
1,-3570688
1,-3807232
1,-3772416
1,-3889152
1,-3731456
1,-3684352
1,-2389504
1,-1266688
1,-1377792
1,-1858560
1,-1491456
1,-1364992
1,-1271808
1,-1718272
1,-1035776
1,-1480704
1,-845824
1,-771072
1,-974848
1,-233984
1,-35328
1,-124928
1,-682496
0,330752
1,-91136
1,-777728
1,-166400
1,-51712
0,597504
0,628736
0,766464
0,1255936
0,1110528
0,508928
0,1333248
0,1048576
0,841216
0,601600
0,539136
0,773632
0,55808
0,372736
0,521728
0,48640
0,79872
0,28837888
0,29377536
0,28825088
0,30537216
0,30217216
0,30819840
0,30405632
0,30544896
0,30017536
0,29924352
0,29804032
0,29640704
0,29449216
0,29970432
0,30201856
0,30029824
0,30239232
0,29941760
0,30057984
0,29413376
0,28886016
0,28054528
0,27744256
0,27252736
0,27154944
0,26043392
0,26375168
0,27204096
0,25986560
0,26312192
0,25746944
0,25347584
0,24416256
0,24680448
0,23789056
0,23733248
0,22809600
0,23627776
0,23666688
0,22782464
0,23120896
0,22903296
0,22448128
0,23694848
0,22663680
0,23199744
0,23233024
0,22624256
0,22477312
0,22539776
0,22005760
0,21783040
0,22081536
0,22003712
0,22389760
0,21774848
0,22467584
0,22183936
0,21810176
0,21678592
0,20908032
0,19398144
0,19083264
0,17987072
0,18419712
0,19251200
0,18898432
0,19763200
0,19881984
0,20359168
0,20051968
0,19625984
0,19281920
0,18293760
0,17646080
0,17780224
0,18168320
0,18497536
0,18091520
0,18838528
0,19390976
0,20190720
0,19065344
0,19828736
0,19328512
0,19109888
0,18598400
0,18781184
0,19484160
0,19206656
0,19976704
0,19452928
0,18746368
0,18273792
0,16691200
0,16681472
0,15224832
0,14600704
0,14126080
0,14239232
0,13940736
0,14030336
0,14088704
0,13900288
0,14214144
0,13744640
0,13694976
0,14071296
0,13461504
0,14024192
0,14009856
0,13826560
0,13617152
0,13086208
0,13652480
0,12754944
0,12779008
0,12060160
0,12105216
0,11175424
0,11318784
0,11590656
0,11471872
0,10603520
0,11808768
0,11251200
0,10827264
0,11084800
1,-3276288
1,-3584512
1,-4146176
1,-3277824
1,-3813376
1,-4195328
1,-4336128
1,-4436992
1,-4253696
1,-5080576
1,-4865536
1,-5158912
1,-4980736
1,-5113856
1,-5346304
1,-4640768
1,-4747776
1,-4797440
1,-4449280
1,-3689472
1,-4444160
1,-4810752
1,-4315136
1,-4603904
1,-4389376
1,-4656640
1,-4471808
1,-4104192
1,-4292608
1,-3615744
1,-4372480
1,-4006912
1,-4092928
1,-3662336
1,-3723776
1,-3250176
1,-3659264
1,-3391488
1,-3557888
1,-3249664
1,-3278848
1,-3141632
1,-3556864
1,-3524608
1,-3744768
1,-4603392
1,-3887616
1,-3681280
1,-3308032
1,-3296256
1,-3342336
1,-2903552
1,-3215872
1,-2788352
1,-2288128
1,-2085888
1,-2311680
1,-3159040
1,-2244096
1,-1810944
1,-1614848
1,-1881600
1,-1980928
1,-2657792
1,-2867200
1,-3066880
1,-4235264
1,-3763712
1,-4080128
1,-5120512
1,-5237248
1,-3999232
1,-3915264
1,-3755008
1,-3957248
1,-4057088
1,-4535808
1,-4322816
1,-5276672
1,-4333568
1,-4414976
1,-4583424
1,-3489792
1,-3557888
1,-3862016
1,-3932672
1,-4503040
1,-3889152
1,-3686400
1,-3108864
1,-3103232
1,-2650112
1,-2732032
1,-1878528
1,-2566144
1,-3322368
1,-2669056
1,-2473984
1,-2544640
1,-2939904
1,-2270720
1,-2761728
1,-2788864
1,-2061824
1,-2245632
1,-1712128
1,-2332672
1,-1045504
1,-1606144
1,-822272
1,-308224
1,-588288
0,817664
0,79360
1,-25600
0,340992
0,1058304
0,408576
0,570880
0,68608
1,-101376
0,1034240
0,1091072
0,1094656
0,975360
0,1241088
0,1583616
0,1899520
1,-18584064
1,-19462144
1,-19417600
1,-19033088
1,-19645952
1,-20422144
1,-18720256
1,-21473792
1,-21025280
1,-21049856
1,-23720960
1,-23673856
1,-24852480
1,-26328064
1,-26233856
1,-27186688
1,-26718208
1,-27755008
1,-28788736
1,-27575808
1,-28248576
1,-27571200
1,-29260800
1,-29092352
1,-28014592
1,-27998720
1,-28840960
1,-28507648
1,-29521920
1,-30586880
1,-30388736
1,-30903296
1,-29765632
1,-30008832
1,-30208512
1,-30603776
1,-32800256
1,-32487936
1,-31247360
1,-32020480
1,-31353856
1,-31594496
1,-32728064
1,-31362560
1,-31132672
1,-30558720
1,-31054848
1,-30489600
1,-30753280
1,-31050752
1,-31181824
1,-31318016
1,-32879616
1,-32884736
1,-33073152
1,-33629696
1,-34199552
1,-35081728
1,-35096576
1,-35340800
1,-34155520
1,-35014656
1,-34491904
1,-33149952
1,-32187904
1,-32239104
1,-30538752
1,-30471680
1,-28998144
1,-30431232
1,-29682688
1,-30219264
1,-30703616
1,-31624704
1,-33305600
1,-32972288
1,-33303552
1,-33406976
1,-31608320
1,-31417856
1,-32412160
1,-31923200
1,-33515008
1,-33124352
1,-33870848
1,-34487296
1,-34201600
1,-34895872
1,-33300992
1,-33034752
1,-31624192
1,-30205952
1,-30807040
1,-30116864
1,-30551552
1,-31399424
1,-30211072
1,-31404032
1,-32490496
1,-31003648
1,-33522176
1,-30889984
1,-31413248
1,-30472704
1,-29060608
1,-31204352
1,-28794368
1,-27713024
1,-30087680
1,-28062208
1,-28646400
1,-28883456
1,-28157952
1,-27792896
1,-27049472
1,-26787328
1,-28342784
1,-28324864
1,-29370880
1,-29062656
1,-30729216
1,-31502848
1,-31076352
1,-32263680
1,-31244288
1,-30769664
1,-28771328
1,-29608960
0,27357184
0,27865600
0,28269568
0,28967936
0,28338688
0,28417024
0,28242432
0,27645952
0,28117504
0,28183040
0,29239808
0,28310528
0,28241408
0,29018624
0,28603904
0,27974144
0,28631040
0,28447232
0,27932160
0,27491840
0,27941888
0,28753408
0,29560320
0,30345216
0,29834752
0,29803520
0,30395904
0,29190144
0,31040512
0,30312960
0,29925888
0,30217216
0,31263744
0,31888896
0,31578112
0,32058368
0,31443456
0,31375872
0,31877632
0,32133632
0,31931904
0,32245760
0,32353280
0,31737344
0,31553024
0,32072704
0,32055808
0,32135680
0,31739904
0,31778816
0,31225856
0,31796736
0,30716928
0,31377920
0,31462912
0,31160832
0,30972416
0,30870016
0,31421952
0,31506432
0,32077312
0,31892992
0,32419328
0,31919104
0,32947200
0,33038848
0,33585664
0,33894912
0,34242560
0,33984512
0,34730496
0,34655744
0,34775552
0,34987008
0,35193344
0,35480576
0,35874816
0,35624960
0,36048384
0,35610624
0,35943936
0,35904512
0,35289600
0,35708416
0,34895872
0,34624512
0,35252736
0,35210752
0,35764736
0,35944960
0,36745216
0,36832256
0,36599808
0,37406720
0,36740096
0,37215744
0,37573120
0,38602240
0,38935040
0,39931392
0,39728640
0,39883776
0,39965184
0,39300608
0,39710208
0,39904256
0,40835072
0,40822784
0,40982528
0,41108992
0,41964032
0,41412608
0,40863744
0,40503808
0,40343552
0,40748544
0,40827904
0,41523200
0,41448960
0,41936896
0,42559488
0,42129920
0,42208256
0,42444800
0,42276352
0,41647616
0,41837056
0,42307584
0,8555008
0,8410112
0,8829952
0,8053248
0,8367616
0,8078336
0,7569408
0,7889408
0,7443456
0,7986176
0,7169024
0,8368128
0,7989248
0,8085504
0,7582208
0,7537664
0,7592448
0,7130112
0,6579712
0,6536192
0,6075392
0,7004160
0,6446592
0,6697472
0,6664192
0,6977536
0,6164480
0,5842432
0,6191104
0,6068736
0,4999168
0,4430336
0,5140480
0,4559360
0,4515328
0,4921344
0,4879872
0,4725760
0,3964416
0,3771904
0,2784256
0,3479552
0,2709504
0,2881536
0,3385856
0,2642432
0,2768384
0,3226112
0,3171328
0,2724352
0,2925568
0,2192896
0,1460224
0,2639360
0,1873920
0,2149888
0,1716224
0,1028096
0,1173504
0,365568
0,568832
0,53248
1,-679424
1,-151040
1,-888320
1,-812032
1,-332288
1,-418816
1,-705536
1,-1511936
1,-1377280
1,-1886208
1,-1612288
1,-1930752
1,-1954304
1,-3083264
1,-2820096
1,-2800640
1,-4683264
1,-3200000
1,-4099584
1,-3868160
1,-3625472
1,-5200896
1,-4492288
1,-4091392
1,-5118464
1,-4446208
1,-5055488
1,-5481984
1,-5152256
1,-5261824
1,-4997632
1,-5429760
1,-5287936
1,-5379584
1,-5934080
1,-6259712
1,-6753280
1,-6303744
1,-6110720
1,-6750208
1,-7151616
1,-6819840
1,-7162368
1,-7984640
1,-7524864
1,-7517184
1,-7839232
1,-7171072
1,-8301056
1,-8268288
1,-8018432
1,-8464384
1,-7910400
1,-8677376
1,-8770048
1,-8972288
1,-8991232
1,-9019392
1,-8653824
1,-9260032
1,-9302016
1,-9572352
1,-9632256
1,-9252352
1,-10366464
1,-10245120
0,27083776
0,26606592
0,27218432
0,26160640
0,26929664
0,27401216
0,27590656
0,27998720
0,28321792
0,28620800
0,28811776
0,29577728
0,30665728
0,29404160
0,30531584
0,30354944
0,31289856
0,31662592
0,30697984
0,31149568
0,31616000
0,32445440
0,32679936
0,32864256
0,32663040
0,33004032
0,33072640
0,32264704
0,32732160
0,32233472
0,32282624
0,32757248
0,33049600
0,33020416
0,33080320
0,33274880
0,33421312
0,32932864
0,33665024
0,32991744
0,33667584
0,33865728
0,34065408
0,34723840
0,34737152
0,33994752
0,33950208
0,35141120
0,34865152
0,34767872
0,35105280
0,35931136
0,35755008
0,35937280
0,36136448
0,36014080
0,36391936
0,35716608
0,36262912
0,35554304
0,35396096
0,35381248
0,35595776
0,34798080
0,35975168
0,35991552
0,35706368
0,35733504
0,34706944
0,35171328
0,36044800
0,34841088
0,36279296
0,36079616
0,36810752
0,37622784
0,37752832
0,38864896
0,38950400
0,38212096
0,38922240
0,38545920
0,39016960
0,38735872
0,39825408
0,40020992
0,40134144
0,39920128
0,40584192
0,39921152
0,39291392
0,40127488
0,39489536
0,39136768
0,39456256
0,40274944
0,39272448
0,40290304
0,39725568
0,40287232
0,40460800
0,40218112
0,40399872
0,40193536
0,39573504
0,39583744
0,39601664
0,40459264
0,40211456
0,40867328
0,407639
