0,32665600
0,33797632
0,33750528
0,33548288
0,33277952
0,33284096
0,32589312
0,32296448
0,31132672
0,31680512
0,31676416
0,32458240
0,32594432
0,32092160
0,32053760
1,-12630016
1,-12587008
1,-13355008
1,-12495360
1,-14329344
1,-13585920
1,-14417408
1,-14555136
1,-14170624
1,-16140800
1,-15784960
1,-16927232
1,-17705472
1,-17254912
1,-19779072
1,-19293184
1,-18390528
1,-17978368
1,-18153984
1,-19450880
1,-19240960
1,-19981824
1,-20263424
1,-20225024
1,-20154368
1,-20175872
1,-18985472
1,-18101248
1,-19347968
1,-19276288
1,-18518528
1,-19390976
1,-19448832
1,-20546048
1,-20133888
1,-20646912
1,-19422208
1,-19237376
1,-19894272
1,-20043264
1,-21343232
1,-20877312
1,-21575168
1,-22377984
1,-22868992
1,-21595648
1,-21309440
1,-21916672
1,-22399488
1,-22281728
1,-21092352
1,-19969536
1,-19849216
1,-20826112
1,-21077504
1,-19250176
1,-20335616
1,-20812800
1,-20751360
1,-19774976
1,-19680256
1,-19666432
1,-16877056
1,-18126848
1,-17195008
1,-19675648
1,-21224448
1,-22338048
1,-23984128
1,-25816064
1,-27520000
1,-28018688
1,-26165248
1,-25382400
1,-24214528
1,-22663680
1,-23221248
1,-23805952
1,-25558528
1,-25118208
1,-24704512
1,-24948224
1,-24566272
1,-24635904
1,-24845824
1,-24178688
1,-24933888
1,-25686016
1,-25201664
1,-23948288
1,-24564736
1,-25079808
1,-27085312
1,-26835456
1,-27324416
1,-26917376
1,-27386368
1,-27714560
1,-29046784
1,-29254144
1,-30445568
1,-32100352
1,-31948800
1,-30667264
1,-30694400
1,-30580736
1,-31005184
1,-29931008
1,-29843456
1,-28698112
1,-27025408
1,-27431936
1,-25668096
1,-26038784
1,-25271808
1,-26177024
1,-22769152
1,-22783488
1,-24598016
1,-25064960
1,-26789376
1,-27553792
1,-26095104
1,-28484096
1,-29150208
1,-27995136
1,-27739136
1,-27591680
1,-1292800
1,-379904
1,-1531392
1,-580096
1,-24576
1,-773120
1,-138752
1,-932352
1,-1683968
1,-1220096
1,-1924608
1,-2171392
1,-1279488
1,-1587200
1,-1558528
1,-958976
1,-1232384
1,-1476096
1,-1539584
1,-1752064
1,-2344960
1,-2533376
1,-2469888
1,-3701248
1,-3687424
1,-2079744
1,-3756544
1,-2962944
1,-3778560
1,-4511744
1,-3089920
1,-4557312
1,-4792320
1,-6021120
1,-6438400
1,-4871680
1,-5016064
1,-5936640
1,-6064640
1,-6299136
1,-7010304
1,-5421568
1,-5818368
1,-5828608
1,-5553152
1,-5448192
1,-5446656
1,-4942336
1,-4248576
1,-4452864
1,-4504576
1,-4314624
1,-4968448
1,-5710336
1,-5675520
1,-6628352
1,-5873152
1,-6526464
1,-6394880
1,-6881792
1,-6135808
1,-6425600
1,-7941632
1,-7930368
1,-8203264
1,-8819712
1,-8817664
1,-9254400
1,-9218048
1,-8553472
1,-8539136
1,-9518592
1,-9551360
1,-9317376
1,-9528320
1,-9053696
1,-9487360
1,-8897024
1,-8462336
1,-9033728
1,-8242688
1,-8434176
1,-8728064
1,-8405504
1,-9114112
1,-8967168
1,-9498624
1,-9025024
1,-9155072
1,-10332672
1,-9954304
1,-10638848
1,-9703424
1,-9860608
1,-10950144
1,-11254784
1,-11545088
1,-12602880
1,-11987968
1,-11869696
1,-13346816
1,-11620352
1,-11968000
1,-12893184
1,-13840896
1,-13082112
1,-13666304
1,-13896704
1,-13230080
1,-13585920
1,-12999680
1,-12413952
1,-12845568
1,-13425664
1,-13082624
1,-13730304
1,-13722112
1,-14329856
1,-14262272
1,-14221824
1,-13548032
1,-13592064
1,-13642240
1,-13802496
1,-13531136
1,-15188480
1,-14196224
1,-15190016
0,2747392
0,2509824
0,2949632
0,2919936
0,2635776
0,2368512
0,2482176
0,2834432
0,2663936
0,3246592
0,3186688
0,3983872
0,4317696
0,4329984
0,4608512
0,4690944
0,4274176
0,3883008
0,3158528
0,3845120
0,3109376
0,3971072
0,3606016
0,3240448
0,4575232
0,4967424
0,5460480
0,5725696
0,5575680
0,5377024
0,4900864
0,4231168
0,3982336
0,3509760
0,3957760
0,4103168
0,4255232
0,5117440
0,5170176
0,5133824
0,5198848
0,4824064
0,4919808
0,4970496
0,5485568
0,5683200
0,6064640
0,6480384
0,6426112
0,7259136
0,6983168
0,6985216
0,6568448
0,6301184
0,6664704
0,6823424
0,7595520
0,8564224
0,7835136
0,8530944
0,8391680
0,7933952
0,8365568
0,7487488
0,7304192
0,7259136
0,7167488
0,7248384
0,7385088
0,6783488
0,6685696
0,6738432
0,6346752
0,6649856
0,5526016
0,5430784
0,5861376
0,5988352
0,6247424
0,6905344
0,6685696
0,7394304
0,7779328
0,7971840
0,8350208
0,8176640
0,8685568
0,8382976
0,8338432
0,9875456
0,10012160
0,10624512
0,9932288
0,11158528
0,11155456
0,10940928
0,10867712
0,11806208
0,11297792
0,11438080
0,10874880
0,10556416
0,11507200
0,11505664
0,12000768
0,12005888
0,11910144
0,12976128
0,12632576
0,14053376
0,14754304
0,15596032
0,16019456
0,16629248
0,16202752
0,15584768
0,15626752
0,14821376
0,14525440
0,14548480
0,13771264
0,14082048
0,14261760
0,14466048
0,14447104
0,14503936
0,14620672
0,16245248
0,19062272
0,17993728
0,18732032
0,17671680
0,18528256
0,18887680
0,18609664
0,18629632
0,18008576
0,17679872
0,17074688
0,17561600
0,17778688
0,17804288
0,17771008
0,19174400
0,19715584
0,19445760
0,20365824
0,19826176
0,20167168
0,20729344
0,20793344
0,20598272
0,19750400
0,20914688
0,20665344
0,21304832
0,19909120
0,19643392
0,19933184
0,20035584
0,18594304
0,19581952
0,19929600
0,19888128
0,20770816
0,20353536
0,21669376
0,21334016
0,20506112
0,21487616
0,20987392
0,20964352
0,21065728
0,21484544
0,21004800
0,21591552
0,22017024
0,22408704
0,21947904
0,21639680
0,21422080
0,21510144
0,19948032
0,19735040
0,20386304
0,20122112
0,19901440
0,20436992
0,20539392
0,20429824
0,20156928
0,21049344
0,20441600
0,20645888
0,20065280
0,20617728
0,21441536
0,21463552
0,22899712
0,22077440
0,21975552
0,22325248
0,21875200
0,22218752
0,22382080
0,23028224
0,21465088
0,22235136
0,23467520
0,23380480
0,23151104
0,22970880
0,23071232
0,22706176
0,22288896
0,21756416
0,21510144
0,20702208
0,21169152
0,21444608
0,20618240
0,20695040
0,20448768
0,21021184
0,21287424
0,20883968
0,20807680
0,20802560
0,21474304
0,21088256
0,21827584
0,21905920
0,22310400
0,21989888
0,22754304
0,23022592
0,22835200
0,23319552
0,22760448
0,23069696
0,23295488
0,23714816
0,23366656
0,24343040
0,23015424
0,22923776
0,22596608
0,22111744
0,21698560
0,22315008
0,21937152
0,22160896
0,21928960
0,22770688
0,22556160
0,23057920
0,4880384
0,4690944
0,4531200
0,3924480
0,3717632
0,3612160
0,3382784
0,3164672
0,3161088
0,3108352
0,2804224
0,2396160
0,2890240
0,1923072
0,1743360
0,1238528
0,1212928
0,1611264
0,846848
0,1144832
0,540672
0,508416
0,1454080
1,-753152
0,241152
0,470528
0,183296
0,20992
1,-787968
1,-45056
1,-566784
1,-1054720
1,-2350592
1,-2180608
1,-2786816
1,-3079680
1,-2788864
1,-3463168
1,-3545088
1,-3808768
1,-3464192
1,-3874304
1,-3590656
1,-3454976
1,-4453376
1,-4340224
1,-5315584
1,-5423616
1,-5437952
1,-5361152
1,-5515776
1,-5990400
1,-5843968
1,-5861376
1,-5842944
1,-5412352
1,-5961216
1,-5266944
1,-5677568
1,-6047232
1,-6081024
1,-5981696
1,-5894656
1,-6313984
1,-7093248
1,-6921728
1,-7870464
1,-7776256
1,-7974912
1,-8062464
1,-8155648
1,-8243200
1,-8861696
1,-8485888
1,-8728576
1,-8937472
1,-9015808
1,-9262592
1,-9808896
1,-9497088
1,-9895936
1,-10907136
1,-10620416
1,-10831872
1,-11013120
1,-11644416
1,-11777024
1,-11484160
1,-12058112
1,-12367872
1,-12560896
1,-12150784
1,-12370432
1,-12960768
1,-12372480
1,-12505600
1,-12816384
1,-13541376
1,-13272576
1,-14437376
1,-14200320
1,-14281728
1,-14083072
1,-14278144
1,-14580736
1,-15227392
1,-15219200
1,-14790656
1,-15186432
1,-15080960
1,-15353344
1,-15172096
1,-15990784
1,-15811584
1,-15695360
1,-15757312
1,-16651264
1,-16169984
1,-16796160
1,-16859136
1,-17470464
1,-16823808
1,-17267712
1,-18036224
1,-17813504
1,-18094592
1,-18471424
1,-18472448
1,-27957760
1,-28044288
1,-27858432
1,-28199424
1,-27973120
1,-28109312
1,-27665920
1,-27142144
1,-27458048
1,-27362304
1,-26922496
1,-26939392
1,-27512832
1,-27039232
1,-27248128
1,-26916864
1,-26413056
1,-26513408
1,-26035712
1,-25940992
1,-25203712
1,-24974848
1,-25506816
1,-25366016
1,-25086976
1,-25199104
1,-24990720
1,-24890880
1,-25462784
1,-25264128
1,-24809984
1,-25188864
1,-24692736
1,-24518144
1,-24160256
1,-24323584
1,-24688128
1,-24347136
1,-23534592
1,-23238144
1,-23597568
1,-23514624
1,-22783488
1,-22597632
1,-23306752
1,-22579712
1,-22747648
1,-23014912
1,-23176704
1,-22974464
1,-22835200
1,-22725632
1,-21553152
1,-22595072
1,-21715456
1,-21984256
1,-22243328
1,-21680640
1,-21638144
1,-21570560
1,-20296192
1,-20443648
1,-20163072
1,-19258880
1,-19130880
1,-19002368
1,-18490368
1,-18377728
1,-18409984
1,-18027520
1,-17911808
1,-18076672
1,-17778688
1,-17328128
1,-17236992
1,-17635328
1,-18006528
1,-17448960
1,-18106880
1,-17967104
1,-18203648
1,-17676288
1,-17724416
1,-18254848
1,-17349120
1,-17740800
1,-17091584
1,-17223168
1,-17207808
1,-16986624
1,-16699904
1,-16811520
1,-16627712
1,-16382464
1,-16454656
1,-15883776
1,-16393216
1,-15898624
1,-15686144
1,-15806976
1,-15921152
1,-16200704
1,-15337984
1,-15595520
1,-15137280
1,-15182848
1,-14718976
1,-14603264
1,-14983680
1,-14533120
1,-15172608
1,-14341632
1,-15065600
1,-14807552
1,-14640640
1,-14398464
1,-14307328
1,-14152704
1,-13692928
1,-13657088
1,-13135360
1,-13601792
1,-13750784
1,-13865984
1,-12754944
1,-12810240
1,-12889088
1,-12179456
1,-42208256
1,-42526720
1,-41714688
1,-41892352
1,-41538560
1,-41137152
1,-41230336
1,-41240064
1,-42703360
1,-42121728
1,-42201088
1,-41897984
1,-42236928
1,-41760768
1,-40370176
1,-41020928
1,-41287680
1,-41075712
1,-40979456
1,-40390656
1,-41292288
1,-41104384
1,-40304640
1,-40629760
1,-39994368
1,-40578560
1,-40398336
1,-40311808
1,-40749568
1,-40325632
1,-40960000
1,-41358848
1,-40596480
1,-40918016
1,-39856640
1,-39841792
1,-38913536
1,-38733824
1,-39002112
1,-39153664
1,-39071744
1,-38567936
1,-38782464
1,-38091264
1,-37801984
1,-37620736
1,-37723648
1,-37492224
1,-37145088
1,-37379072
1,-37519360
1,-38228992
1,-37241856
1,-37501952
1,-36748288
1,-36239872
1,-35116544
1,-35411968
1,-35405824
1,-35416576
1,-35340288
1,-35431936
1,-36264960
1,-36224000
1,-35883008
1,-35425280
1,-35578368
1,-35589632
1,-34781696
1,-34576384
1,-34933760
1,-35071488
1,-35522048
1,-35518976
1,-34945024
1,-34634752
1,-35072000
1,-34323456
1,-34324480
1,-33944064
1,-34528768
1,-33965568
1,-33988096
1,-33548800
1,-34137600
1,-33955840
1,-33884672
1,-33070592
1,-32928768
1,-32061440
1,-33251328
1,-32049152
1,-31922688
1,-31914496
1,-32047616
1,-32005632
1,-32092160
1,-31568896
1,-31836160
1,-31602688
1,-31529984
1,-31441408
1,-31634432
1,-31552512
1,-30910464
1,-30814720
1,-30569472
1,-30224896
1,-30456832
1,-29635584
1,-29925888
1,-29983232
1,-30267392
1,-29255168
1,-29668352
1,-30139392
1,-29541376
1,-29857280
1,-29659136
1,-29726720
1,-29193728
1,-28145152
1,-29146112
1,-28857344
1,-28674560
1,-29079552
1,-29244928
1,-28372480
1,-5401088
1,-5166080
1,-5175808
1,-5961216
1,-6244352
1,-7087616
1,-6679552
1,-6458368
1,-6138368
1,-7382016
1,-7618048
1,-6586880
1,-8236544
1,-8018432
1,-8254464
1,-8062976
1,-8433152
1,-9357824
1,-9127936
1,-9501696
1,-10301440
1,-9826816
1,-10267136
1,-10138624
1,-10576896
1,-9580032
1,-10306048
1,-10430976
1,-11393024
1,-11187712
1,-11516416
1,-11067904
1,-11551744
1,-12098560
1,-11163648
1,-12004864
1,-13237248
1,-12246528
1,-13634560
1,-13294080
1,-13340672
1,-13019648
1,-13145600
1,-12620288
1,-12933120
1,-12710912
1,-12624384
1,-13143040
1,-12865536
1,-13285376
1,-12577280
1,-12385280
1,-12247552
1,-12977152
1,-11696640
1,-11205120
1,-12577280
1,-12141056
1,-11749376
1,-10881024
1,-11278336
1,-11023360
1,-11467776
1,-10673152
1,-9895424
1,-11614720
1,-11127296
1,-11799552
1,-12235776
1,-11712000
1,-12556800
1,-12042752
1,-11192320
1,-11279872
1,-11172352
1,-11549184
1,-10637312
1,-10682880
1,-10335744
1,-10112000
1,-9907712
1,-10420736
1,-9443328
1,-9630720
1,-9878016
1,-9802752
1,-8831488
1,-8414720
1,-9524736
1,-9750528
1,-10116096
1,-10258944
1,-10582016
1,-10147328
1,-10318848
1,-10150400
1,-9695232
1,-9740288
1,-10660352
1,-11401728
1,-11529216
1,-10584576
1,-10161152
1,-10274816
1,-9263104
1,-8488448
1,-8524800
1,-9098240
1,-8740864
1,-9628672
1,-10646528
1,-9049600
1,-9411072
1,-9139712
1,-8550912
1,-8799232
1,-7774208
1,-9049600
1,-8502784
1,-9065984
1,-9439744
1,-8458752
1,-8914432
1,-8611840
1,-9236480
1,-8283648
1,-8261120
1,-7821312
0,34578944
0,36152832
0,37162496
0,38383104
0,39217152
0,38985728
0,38960640
0,40304640
0,40672768
0,40988160
0,39614464
0,37957120
0,36079104
0,32302080
0,29043712
0,25870336
0,22192640
0,17851904
0,14353920
0,13318144
0,11646976
0,12740608
0,13466624
0,14219776
0,14261760
0,13847040
0,11589632
0,8268800
0,5792256
0,4352512
0,2253312
0,2780160
0,3078144
0,2897408
0,6047744
0,8234496
0,11236864
0,12487168
0,16101888
0,16435712
0,14376960
0,12850176
0,11230720
0,9242112
0,8518656
0,9093632
0,9988096
0,9317888
0,11909120
0,13276160
0,15168512
0,15122944
0,17297920
0,17617408
0,17793536
0,16274944
0,14114304
0,11730432
0,7202304
0,5950464
0,5108736
0,5841920
0,6560256
0,5438976
0,7998976
0,10622976
0,12059648
0,12584960
0,12497408
0,14063104
0,15629312
0,16826368
0,16531968
0,19269120
0,18569728
0,19653120
0,19544064
0,18499584
0,15715328
0,13029376
0,13052416
0,13074432
0,12882432
0,14375936
0,16853504
0,17589248
0,20256768
0,23030784
0,23956480
0,24650240
0,22019584
0,20064256
0,17814528
0,16017408
0,16088064
0,14194176
0,14401536
0,15366144
0,14934016
0,16473600
0,16413184
0,15460352
0,12510720
0,11904000
0,10553856
0,10662912
0,10633216
0,12017152
0,12848128
0,14532608
0,18288128
0,20350976
0,23854080
0,24943104
0,26221568
0,26470912
0,23462912
0,21291008
0,17655296
0,13900800
0,10336768
0,9902592
0,8886784
0,9541120
0,8185856
0,7922176
0,6038016
0,6411776
0,18282496
0,18257920
0,19383296
0,18354688
0,18003968
0,18327040
0,17286656
0,17083392
0,16953344
0,17339392
0,17053184
0,16968192
0,16999424
0,16223744
0,16875520
0,15768064
0,16660480
0,16633856
0,15785472
0,16955392
0,16146944
0,17399296
0,16773632
0,18072064
0,19549184
0,17931264
0,17728512
0,16452608
0,16450048
0,16370176
0,17224704
0,18624000
0,18270208
0,18060288
0,18900992
0,17636352
0,18547712
0,18409472
0,18930176
0,20222464
0,18383360
0,17867776
0,19027968
0,20012544
0,19876352
0,21373440
0,21165056
0,22213632
0,21144576
0,21125120
0,20157440
0,19713536
0,20747264
0,21117952
0,21474816
0,21152768
0,22095360
0,20436992
0,20526592
0,20987904
0,21661696
0,22649344
0,23177728
0,22847488
0,22657536
0,22694912
0,21784064
0,22361088
0,22230528
0,23297024
0,22720000
0,23302656
0,23247872
0,22110720
0,23236608
0,22621184
0,21962240
0,22173184
0,21914624
0,23277056
0,23063040
0,23313920
0,22654464
0,22429184
0,23040000
0,21806080
0,22441984
0,23330816
0,23242752
0,24357376
0,24161792
0,23650304
0,23346688
0,24478208
0,23889920
0,24517120
0,25061376
0,24047616
0,25316864
0,23932928
0,24160768
0,24949760
0,22921728
0,23906816
0,22672384
0,23109632
0,21837824
0,23338496
0,23225856
0,23696896
0,24129024
0,24163840
0,24140288
0,23714816
0,25573376
0,24602624
0,25913856
0,25180672
0,24903680
0,24962560
0,26096640
0,26481664
0,25846272
0,26101760
0,26135552
0,25563136
0,25515008
0,24403968
0,32938496
0,33131520
0,33938432
0,35006976
0,35203072
0,35771392
0,36466688
0,34931712
0,36060672
0,36536832
0,36116480
0,34768384
0,35498496
0,36017664
0,35655680
0,36937216
0,37983744
0,37917184
0,37315584
0,37408768
0,37185024
0,35617792
0,36305920
0,36717056
0,38474752
0,38884864
0,38705664
0,39334912
0,37870080
0,37800448
0,37689856
0,37867520
0,36953088
0,37218304
0,38611968
0,37894144
0,38498304
0,37340672
0,37975040
0,38941184
0,40001536
0,38468608
0,38811136
0,38584832
0,38391808
0,39640576
0,39344640
0,40025600
0,41323520
0,39589376
0,40627200
0,39287296
0,39463936
0,38583808
0,38188544
0,38084608
0,39514112
0,39938048
0,38259200
0,39567360
0,38989312
0,38174208
0,37613056
0,37095936
0,36961792
0,36353024
0,35913728
0,36222464
0,35479552
0,34952192
0,35711488
0,35871232
0,35457536
0,35802624
0,35362816
0,34149888
0,35117568
0,35214848
0,33269248
0,35991552
0,35551232
0,35787776
0,36414976
0,35762688
0,34604032
0,32675328
0,33311232
0,33021440
0,33210368
0,32546304
0,34216448
0,33678848
0,31943168
0,33813504
0,32432640
0,31598080
0,32259584
0,31264768
0,31939584
0,30246912
0,32433664
0,32945664
0,30876672
0,31762432
0,31411200
0,31712768
0,30818816
0,31301632
0,30735360
0,31802880
0,31075840
0,32024064
0,32612352
0,32052736
0,33015808
0,32366592
0,32948224
0,32602624
0,32190464
0,31066112
0,31468032
0,31977984
0,30111744
0,31769088
0,32295424
0,30922240
0,31490048
0,31461888
1,-12116992
1,-12642304
1,-13746176
1,-14559232
1,-15686144
1,-15368192
1,-15651328
1,-16589824
1,-15353856
1,-16052736
1,-16121344
1,-15635456
1,-15859712
1,-14776832
1,-15191552
1,-13483008
1,-11096064
1,-11271168
1,-11138560
1,-11678720
1,-11471360
1,-12281344
1,-12421632
1,-12130304
1,-14246400
1,-14194176
1,-14412800
1,-15228416
1,-15063040
1,-15642112
1,-15744000
1,-14647808
1,-15153664
1,-15145984
1,-16117760
1,-15532544
1,-16560128
1,-16190464
1,-16431104
1,-16480256
1,-14825984
1,-16846336
1,-16726016
1,-17981952
1,-18764288
1,-18180608
1,-18524160
1,-18872832
1,-19307520
1,-20198912
1,-18926080
1,-19129856
1,-18876416
1,-17297920
1,-17718784
1,-18049536
1,-18183680
1,-17155072
1,-18500096
1,-18520576
1,-18388992
1,-17659392
1,-17949696
1,-20640768
1,-20547584
1,-22358016
1,-22872576
1,-22392832
1,-22845952
1,-23584256
1,-22349824
1,-20725248
1,-21858304
1,-20737024
1,-20227072
1,-19174400
1,-19074560
1,-19208704
1,-19028992
1,-18327040
1,-17715200
1,-16914944
1,-16851456
1,-16227328
1,-15950336
1,-17046528
1,-17675776
1,-17048576
1,-16224768
1,-18650112
1,-16920064
1,-15588352
1,-16419840
1,-13515776
1,-13970944
1,-13168640
1,-14615040
1,-13950464
1,-14614016
1,-16434688
1,-15954432
1,-17440256
1,-18032640
1,-17295872
1,-18915328
1,-17959424
1,-19115008
1,-18996736
1,-18249216
1,-18557440
1,-17806336
1,-17244160
1,-17209856
1,-16438272
1,-15768576
1,-16723456
1,-17226240
1,-17375744
1,-18790400
1,-18159616
1,-18436608
1,-18740224
1,-17893376
1,-19154944
1,-19522560
1,-18646016
1,-19768832
1,-18464768
1,-12904448
1,-11524608
1,-11607040
1,-11832832
1,-11617280
1,-14177792
1,-16858624
1,-16883712
1,-16907776
1,-16666624
1,-14863360
1,-16024064
1,-15144960
1,-15771648
1,-16253952
1,-14432256
1,-13655040
1,-14884864
1,-15061504
1,-16770048
1,-16936960
1,-16501248
1,-17918976
1,-19663360
1,-20188160
1,-20835328
1,-21190656
1,-21545984
1,-19816448
1,-19063296
1,-18712064
1,-20302336
1,-19606016
1,-18827264
1,-18694656
1,-18139648
1,-19058688
1,-17576960
1,-16289280
1,-15906816
1,-14965248
1,-15191040
1,-13120512
1,-13282816
1,-12467200
1,-13210624
1,-15027200
1,-15863296
1,-16280576
1,-16188416
1,-15909888
1,-17207296
1,-16254464
1,-16968704
1,-15117824
1,-15277568
1,-13224448
1,-12777472
1,-13826560
1,-14776320
1,-15094784
1,-17921536
1,-17873920
1,-19476992
1,-20620288
1,-21334528
1,-22373888
1,-22080000
1,-21325824
1,-22399488
1,-23419904
1,-23536128
1,-23588864
1,-25502208
1,-27361792
1,-27804672
1,-26729472
1,-27759616
1,-26779136
1,-26762240
1,-27770368
1,-28678144
1,-29429248
1,-28827648
1,-31121920
1,-32328704
1,-31470080
1,-31828480
1,-34258432
1,-35515392
1,-36210176
1,-36005888
1,-34899968
1,-34041344
1,-34059776
1,-33863680
1,-33449984
1,-33347584
1,-32686592
1,-31518208
1,-29810688
1,-29431296
1,-29539840
1,-29057536
1,-29679616
1,-28779520
1,-29624832
1,-27291648
1,-27914240
1,-26463744
1,-26161664
1,-25136128
1,-25618432
1,-27419136
1,-28244480
1,-29580800
1,-28895232
1,-27503104
1,-27839488
1,-27568128
1,-28799488
1,-26843136
1,-26766848
1,-26442240
1,-27055104
1,-26636800
1,-26789376
1,-28651008
1,-40943616
1,-39421440
1,-40632320
1,-39993856
1,-39321088
1,-40970752
1,-40376320
1,-42966528
1,-42553344
1,-42382848
1,-42330624
1,-41746432
1,-41248768
1,-42542080
1,-42443264
1,-45110784
1,-46252544
1,-45798912
1,-46801920
1,-44843008
1,-43963904
1,-44087808
1,-43657728
1,-42488320
1,-41333248
1,-41901568
1,-40129024
1,-40535040
1,-39985664
1,-37349376
1,-37315072
1,-37548032
1,-34321920
1,-33603072
1,-31373824
1,-32318464
1,-33053696
1,-33528832
1,-34859520
1,-35029504
1,-36678144
1,-36372992
1,-37350400
1,-40489984
1,-40230912
1,-40448512
1,-40875520
1,-40414208
1,-39569408
1,-40493568
1,-39094784
1,-38880256
1,-38758400
1,-36168192
1,-35722752
1,-34805248
1,-35547136
1,-35575296
1,-35191808
1,-34262016
1,-33070080
1,-32815104
1,-32247808
1,-31727104
1,-30085120
1,-31620608
1,-34192896
1,-33750016
1,-34862080
1,-36484608
1,-35204096
1,-35881984
1,-35942400
1,-34363904
1,-32297472
1,-32696832
1,-30574592
1,-31749120
1,-30683136
1,-27473920
1,-27481600
1,-27900416
1,-25761792
1,-25716224
1,-21519872
1,-19535872
1,-19756032
1,-18953216
1,-18572288
1,-18668544
1,-19257344
1,-21685248
1,-22217728
1,-22161920
1,-22808576
1,-22976000
1,-23038976
1,-22732800
1,-22492160
1,-21407744
1,-22597632
1,-22262784
1,-24385024
1,-24997888
1,-24710144
1,-25236992
1,-26492928
1,-25439744
1,-25364992
1,-24347136
1,-23582208
1,-24862720
1,-26838016
1,-24065536
1,-23779328
1,-22515200
1,-21735936
1,-22251520
1,-21467648
1,-20660224
1,-21186048
1,-21350912
1,-20715008
1,-21045248
1,-21137408
1,-21203456
1,-20368896
1,-18485760
1,-20345344
1,-20513280
1,-21305344
1,-20560384
1,-20666880
1,-19463680
1,-19677184
1,-19738112
1,-19937280
1,-18941952
1,-19446784
1,-18345984
1,-19111936
1,-19702272
1,-18347008
1,-19031040
1,-19782656
1,-18513408
1,-20656128
1,-20325888
1,-20611584
1,-21120512
1,-20547584
1,-21172736
1,-19784192
1,-20255232
1,-19811840
1,-20704768
1,-19764736
1,-20075008
1,-21057536
1,-20994048
1,-21051904
1,-21231104
1,-20278272
1,-20774912
1,-20529664
1,-21053952
1,-21804544
1,-21217792
1,-21906432
1,-21330432
1,-21243904
1,-21128704
1,-19912192
1,-19972096
1,-18840064
1,-17690112
1,-16665088
1,-15862784
1,-16177152
1,-16957952
1,-16995328
1,-17272320
1,-16124928
1,-15405056
1,-16666112
1,-15282688
1,-13743616
1,-13484544
1,-12717056
1,-12642816
1,-12163584
1,-11806208
1,-11046400
1,-10448896
1,-9574912
1,-8669696
1,-7625728
1,-6799360
1,-5710336
1,-4802048
1,-5514752
1,-5279232
1,-5372416
1,-5224448
1,-4464640
1,-4112896
1,-4090880
1,-3943424
1,-2115072
1,-2496000
1,-2381824
1,-2128896
1,-2165760
1,-2478080
1,-2341376
1,-1646592
1,-1785856
1,-783360
1,-445952
0,354816
0,588800
0,1271296
0,1640448
0,1683456
0,1274368
0,574976
0,1812480
0,1198592
0,951808
0,1894400
0,2439168
0,2980352
0,1821696
0,3250176
0,2603520
0,1889792
0,1953280
0,3318784
0,2782720
0,3392512
0,3935232
0,2565632
0,3113472
0,3650560
0,2448896
0,1484288
0,655872
1,-23040
0,651264
0,224256
0,36352
1,-665088
1,-358912
0,322560
1,-1242624
1,-667136
0,9336832
0,5387264
0,4159488
0,2263552
1,-544256
0,538624
0,3618816
0,6139392
0,6599168
0,3066880
1,-1869824
1,-1983488
1,-1348096
0,1051136
0,1415680
1,-4384256
1,-2966016
1,-1538560
1,-725504
1,-75264
1,-485888
1,-3744256
1,-4943360
1,-593408
0,1701376
1,-3351552
1,-7434240
1,-7291392
1,-7549952
1,-6462976
1,-4721664
1,-5270528
1,-5755392
1,-6201344
1,-4452864
1,-728576
0,4155904
0,4266496
0,2156544
1,-808448
1,-2248704
0,3807232
0,7417856
0,6414336
1,-1658368
1,-6663168
1,-4069376
0,7073792
0,13831680
0,8358912
0,1455616
0,3282944
0,13401600
0,15354880
0,9368064
0,5903872
0,13268480
0,14690816
0,13937152
0,11391488
0,7743488
0,9312768
0,11816448
0,16552960
0,23348736
0,19687424
0,13331456
0,12412928
0,13341696
0,16882176
0,21668352
0,23492096
0,19828736
0,16505856
0,17650688
0,16263680
0,18205184
0,17038848
0,12717056
0,8923648
0,10948608
0,19419648
0,19077120
0,10806784
0,5214720
0,8884224
0,18594304
0,22364672
0,16712704
0,12109312
0,12346368
0,13144576
0,16162816
0,17237504
0,12148224
0,6499328
0,3917824
0,8930304
0,11955712
0,8471040
0,7384576
0,4469760
0,2177024
0,2780160
0,5646848
0,7411200
0,4532224
0,1449984
0,2606592
0,5162496
0,7257600
0,3573760
0,2597888
0,2257408
0,1917952
0,2763776
0,4556800
1,-1394176
1,-3848192
1,-2868224
1,-5363200
1,-2863104
1,-160768
0,2414592
1,-2683904
1,-5040128
1,-1690112
0,4969472
0,46466560
0,45384192
0,45258240
0,44477440
0,44903424
0,45242880
0,45480448
0,45225472
0,45670400
0,45267456
0,44389888
0,44413952
0,43908608
0,43269120
0,44077056
0,43616768
0,44218368
0,43956736
0,43456000
0,43397632
0,42527744
0,41085952
0,39477248
0,38864896
0,38038016
0,37110272
0,37111296
0,36777984
0,37076480
0,37234688
0,36099072
0,35932160
0,35417088
0,34594304
0,34300928
0,33221632
0,33534464
0,34131968
0,33596416
0,33976832
0,34254336
0,33758208
0,33518592
0,33984512
0,32879616
0,32488448
0,31869952
0,31532544
0,31971328
0,31815680
0,31712256
0,31785472
0,31481856
0,30449664
0,31327232
0,30672384
0,29519872
0,30731264
0,29107200
0,28141568
0,27581440
0,26527744
0,25578496
0,24594944
0,23709696
0,23483904
0,22181376
0,21624832
0,21736960
0,22300160
0,22738432
0,23416832
0,24269312
0,24373248
0,23679488
0,22963200
0,22457344
0,22319104
0,21551616
0,19980800
0,19692032
0,19274752
0,18295808
0,18159104
0,17199104
0,15929856
0,15973376
0,14552064
0,14421504
0,14573056
0,13249024
0,13124096
0,13426176
0,13718528
0,13407232
0,12799488
0,12150784
0,11292160
0,11231744
0,11000320
0,10862592
0,11449344
0,12143104
0,14208000
0,14676992
0,15374848
0,16147968
0,15154688
0,14809600
0,15473664
0,15165440
0,15420416
0,15043584
0,15165440
0,15731712
0,16102912
0,16848896
0,15705600
0,15400960
0,14015488
0,13058048
0,12958720
0,12709376
0,13092864
0,13111808
0,13070336
0,13026816
0,12813312
1,-28169216
1,-28123136
1,-29222912
1,-28779008
1,-29252096
1,-29675520
1,-28646400
1,-28056576
1,-28208128
1,-28186112
1,-27850240
1,-27265024
1,-27636224
1,-29310976
1,-29494784
1,-30126080
1,-30386176
1,-29984768
1,-29075456
1,-28295680
1,-26640384
1,-26021888
1,-24249856
1,-23429632
1,-22970368
1,-24067584
1,-22502912
1,-22923776
1,-23048192
1,-22164992
1,-21778944
1,-21576704
1,-21886464
1,-21560832
1,-22424064
1,-22256128
1,-21475840
1,-22238720
1,-22895104
1,-22583296
1,-21918720
1,-21416960
1,-21750272
1,-21972992
1,-21344256
1,-21770240
1,-21814784
1,-20297728
1,-20150272
1,-20943872
1,-20383232
1,-21018624
1,-19018240
1,-20509696
1,-20425216
1,-22160384
1,-22244864
1,-23136768
1,-24082432
1,-23343104
1,-23614464
1,-23522816
1,-22679040
1,-22923264
1,-23555072
1,-24655872
1,-24881664
1,-26298880
1,-25818112
1,-27174912
1,-25694208
1,-25526272
1,-24966144
1,-24395776
1,-25294848
1,-23839744
1,-24780288
1,-24562176
1,-24824320
1,-26038272
1,-26109440
1,-27468288
1,-28005376
1,-26364416
1,-25278976
1,-26077696
1,-25837056
1,-24606208
1,-24801792
1,-23995392
1,-24438784
1,-25544704
1,-25076736
1,-25648128
1,-24778752
1,-24773120
1,-24387072
1,-23693824
1,-23861248
1,-23207936
1,-22438912
1,-22184448
1,-22063616
1,-21376512
1,-21407744
1,-21306880
1,-19829248
1,-20028928
1,-19320320
1,-19379200
1,-18929152
1,-19149824
1,-18887680
1,-16841728
1,-16906752
1,-16900608
1,-15669248
1,-14554624
1,-14091776
1,-13755392
1,-13600256
1,-12984832
1,-13602304
1,-13339648
1,-12313600
1,-11677184
1,-10093568
1,-9052160
1,-8525824
1,-9074688
1,-8604672
1,-7341568
1,-6346752
1,-4525568
1,-9025024
1,-10533376
1,-11426816
1,-11868672
1,-8019968
1,-7534080
1,-4096512
1,-3736576
1,-6251008
1,-6738944
1,-7370240
1,-7004672
1,-8454656
1,-5488640
1,-8664064
1,-9747456
1,-6315520
1,-7020544
1,-5411840
1,-3937280
1,-5812736
1,-7464448
1,-7829504
1,-7929344
1,-9104384
1,-5201920
1,-5950976
1,-4136960
1,-3819520
1,-5947904
1,-4215296
1,-4262400
1,-6121472
1,-5591040
1,-7142400
1,-9545216
1,-10676224
1,-10701824
1,-7855616
1,-5805056
1,-4284928
1,-5156352
1,-5184000
1,-7795200
1,-7457792
1,-6347264
1,-4494848
1,-5232128
1,-6678016
1,-9270784
1,-9544704
1,-8537600
1,-5407232
1,-5336064
1,-4290560
1,-5954048
1,-8392192
1,-9604096
1,-9636352
1,-8202240
1,-8246784
1,-5960192
1,-6286336
1,-7685632
1,-9428480
1,-7579648
1,-8386048
1,-6804992
1,-4869120
1,-8314880
1,-9422336
1,-10449920
1,-10284032
1,-8851968
1,-4171776
1,-4711424
1,-5105664
1,-4196352
1,-9345536
1,-10470912
1,-9889792
1,-9534464
1,-8069120
1,-9957888
1,-8083456
1,-6212096
1,-6041088
1,-3203584
1,-2876928
1,-2721792
1,-5092864
1,-5890560
1,-9348608
1,-8630784
1,-8326144
1,-5286400
1,-2555904
1,-3837952
1,-2476032
1,-5501440
1,-6261248
1,-5428736
1,-4735488
1,-6283776
1,-7018496
1,-6255616
1,-8418304
1,-5141504
1,-2721280
1,-1029120
1,-775168
1,-1540608
1,-4451840
1,-6959104
1,-7902720
1,-4395520
1,-4252160
1,-4214784
1,-3507200
1,-3077120
1,-2216448
1,-2802176
0,128056832
0,129002496
0,129256448
0,129313280
0,130560000
0,130290688
0,130535424
0,130791424
0,130134528
0,130355712
0,129529856
0,129712128
0,130034688
0,130168320
0,130675200
0,130141696
0,130590208
0,130180096
0,129945088
0,130345984
0,129273344
0,128666112
0,129355264
0,129345536
0,128477184
0,129126912
0,129392640
0,129680384
0,129675264
0,127982080
0,128433152
0,127963136
0,126990336
0,127219200
0,127053824
0,127245312
0,127457280
0,128174592
0,128132608
0,128704512
0,129406976
0,130535936
0,129892352
0,130215936
0,130279424
0,131390464
0,132141056
0,131793920
0,134316032
0,133971968
0,134842880
0,134339072
0,134592512
0,134832128
0,134957056
0,135646720
0,134960128
0,136599040
0,135795712
0,137132032
0,137267200
0,136228864
0,136688640
0,136135680
0,136153600
0,135202304
0,134765568
0,134881792
0,134591488
0,135376384
0,135020544
0,135926784
0,134801920
0,134455296
0,133822976
0,132969472
0,132889600
0,132863488
0,133638656
0,133665280
0,133575680
0,133938688
0,133738496
0,133572608
0,132923392
0,132248064
0,132258816
0,132046336
0,132423680
0,133686272
0,134219264
0,134407680
0,135658496
0,135475712
0,136282624
0,135716352
0,136016384
0,136778752
0,136250880
0,136697344
0,137508352
0,137998848
0,137719296
0,139389952
0,139581952
0,139303936
0,139488768
0,139267072
0,139752960
0,140093952
0,139475456
0,139790336
0,140571136
0,139866112
0,139922944
0,138528768
0,138859008
0,137538048
0,137170432
0,137038336
0,136436224
0,136893952
0,137248768
0,136588800
0,136605184
0,136119296
0,136002560
0,135910912
1,-51793408
1,-51104256
1,-50568192
1,-50050560
1,-49898496
1,-49836544
1,-49454080
1,-48831488
1,-47699968
1,-46665216
1,-46528512
1,-45224448
1,-44808192
1,-43510784
1,-43576320
1,-43100672
1,-42572288
1,-42323968
1,-41906688
1,-40905216
1,-39114240
1,-38574080
1,-36799488
1,-36123136
1,-34817024
1,-35325440
1,-34610176
1,-34198016
1,-33482752
1,-31318016
1,-31454208
1,-30153728
1,-29289984
1,-28693504
1,-29058048
1,-28428288
1,-28218368
1,-27517440
1,-26972672
1,-27288064
1,-25481216
1,-25917440
1,-25097728
1,-25079808
1,-23623168
1,-24315392
1,-23800320
1,-24234496
1,-23964160
1,-23736320
1,-23571968
1,-22522368
1,-22122496
1,-22273024
1,-21176320
1,-22114816
1,-20555776
1,-20604928
1,-20194304
1,-19693056
1,-19935232
1,-19428352
1,-19483648
1,-18780672
1,-18715648
1,-17210880
1,-17724928
1,-17704448
1,-17673728
1,-16950272
1,-17044480
1,-17447424
1,-16560128
1,-16377856
1,-16464384
1,-16742912
1,-15478784
1,-15900160
1,-15943168
1,-16058368
1,-15422976
1,-15282176
1,-15109632
1,-15183872
1,-14126080
1,-13582848
1,-13790208
1,-12753920
1,-13068288
1,-12309504
1,-12666368
1,-12204032
1,-12064768
1,-12253696
1,-11991552
1,-11690496
1,-11244544
1,-10083328
1,-10438144
1,-9500672
1,-10671616
1,-9850368
1,-10293760
1,-10193920
1,-9856512
1,-9670656
1,-9337856
1,-9306624
1,-8743424
1,-7820800
1,-7564800
1,-8036352
1,-7426048
1,-6870528
1,-7157760
1,-7438848
1,-6864896
1,-6495232
1,-6456320
1,-6788608
1,-6461440
1,-7609856
1,-7470592
1,-8072192
1,-8168448
1,-8670720
1,-8662016
1,-8612352
0,63802880
0,60749312
0,59329536
0,56503808
0,54034944
0,51915776
0,48517120
0,45270016
0,43334144
0,39801856
0,37117440
0,34735104
0,33069056
0,30800896
0,28854784
0,27990528
0,25938432
0,24393728
0,22072320
0,20182016
0,18683904
0,16346624
0,15086592
0,12883968
0,12250112
0,12249600
0,12038144
0,10681344
0,9701888
0,8324096
0,7934976
0,6963712
0,6934016
0,6764544
0,6977024
0,8955904
0,10913280
0,12191232
0,13502464
0,14885888
0,16674304
0,18489856
0,19005952
0,21798400
0,24624640
0,27357184
0,30269440
0,33405440
0,36838912
0,39272960
0,41933824
0,44303872
0,46747136
0,49521664
0,52307456
0,55737344
0,58605056
0,62945792
0,65876992
0,69009920
0,71195648
0,73755136
0,76585472
0,77741568
0,79464448
0,82585088
0,84135936
0,86333952
0,89015808
0,90371072
0,92003840
0,94842368
0,94905856
0,97272832
0,98729472
0,98761216
0,100204544
0,99961856
0,101936640
0,102897664
0,103417344
0,103518208
0,103001088
0,101966336
0,101614080
0,100812800
0,99676672
0,98956288
0,97607680
0,97545216
0,96172032
0,94185984
0,92359168
0,90446848
0,87635456
0,84859904
0,82221568
0,79051264
0,76945920
0,74737152
0,72409088
0,70591488
0,68218368
0,65921024
0,62419968
0,59950592
0,57070080
0,54553600
0,50961408
0,48546816
0,46032384
0,44996096
0,43399680
0,41598976
0,39306240
0,36844032
0,35229696
0,33545216
0,31668736
0,31484416
0,29707264
0,29864448
0,28539904
0,29032448
0,28721152
0,28975104
0,27698176
0,27568640
1,-5919232
1,-5708800
1,-6376448
1,-7384576
1,-8128512
1,-7505408
1,-8185344
1,-7805952
1,-6415872
1,-6337024
1,-6926848
1,-6708736
1,-7037440
1,-7203840
1,-8946688
1,-9699840
1,-7408128
1,-7298560
1,-8536064
1,-7268864
1,-8095744
1,-6355456
1,-7630336
1,-7956992
1,-7581184
1,-6851072
1,-6794752
1,-7949824
1,-6243328
1,-6798848
1,-7375872
1,-6363648
1,-6085632
1,-4852224
1,-5897728
1,-4618752
1,-4071424
1,-4610560
1,-4357632
1,-3426304
1,-2274816
1,-2941952
1,-2698752
1,-3284480
1,-4230656
1,-3176448
1,-3506176
1,-3610112
1,-3527680
1,-2692096
1,-3249152
1,-1956864
1,-2117120
1,-797184
1,-1507328
1,-631296
0,918016
0,1092608
0,1634816
0,3250688
0,4263424
0,4666880
0,7037440
0,4802048
0,5330432
0,4594176
0,5102080
0,4156928
0,4021760
0,3799552
0,2241024
0,3073536
0,3504128
0,1541632
0,2537472
0,2558464
1,-509440
0,1161728
1,-395264
1,-254464
0,1266176
0,148480
1,-981504
0,1709056
0,293888
1,-560640
1,-628736
1,-2020864
1,-1778176
1,-2315776
1,-2263040
1,-2094080
1,-2889216
1,-2509824
1,-3127296
1,-3926528
1,-4458496
1,-5260288
1,-4960768
1,-6008832
1,-6628352
1,-6563328
1,-7305728
1,-5509632
1,-5768704
1,-6814208
1,-6430720
1,-6487552
1,-5730304
1,-6170624
1,-6468608
1,-7113216
1,-5000704
1,-5294080
1,-4798464
1,-4329984
1,-4548608
1,-5103616
1,-3578880
1,-4298240
1,-5704704
1,-4099072
1,-5483008
1,-4409344
1,-3456512
1,-3550720
1,-2695680
1,-804864
1,-9584640
1,-9308672
1,-9456128
1,-9297408
1,-10446336
1,-10574336
1,-9558528
1,-9957888
1,-10618880
1,-10404352
1,-9713664
1,-10598912
1,-9824256
1,-9895424
1,-9880064
1,-10484736
1,-10901504
1,-9779712
1,-10656256
1,-9982464
1,-9862656
1,-10246144
1,-10938368
1,-10578432
1,-11273216
1,-11902976
1,-12449792
1,-13082624
1,-12492800
1,-12908544
1,-12255744
1,-12118528
1,-12433408
1,-12386304
1,-13220352
1,-12914688
1,-13065728
1,-13319680
1,-13519360
1,-13841408
1,-14281728
1,-13873152
1,-13835264
1,-14588416
1,-15990272
1,-15948800
1,-16116736
1,-15614976
1,-16955904
1,-16349184
1,-16390144
1,-17137152
1,-16259072
1,-17639936
1,-17462784
1,-17884672
1,-17854464
1,-17842176
1,-18544128
1,-19683840
1,-19471872
1,-18870784
1,-18008576
1,-18605568
1,-19283968
1,-19661824
1,-19741696
1,-19563520
1,-19956224
1,-20554240
1,-21001728
1,-21606912
1,-20106240
1,-21125120
1,-21577216
1,-20682240
1,-21796352
1,-22367744
1,-23041536
1,-24453120
1,-23564288
1,-25387008
1,-24336896
1,-24430592
1,-25577472
1,-25173504
1,-25329664
1,-25652224
1,-26249216
1,-27042304
1,-26659840
1,-27323904
1,-27476992
1,-27598848
1,-27211776
1,-26827264
1,-26859520
1,-27026432
1,-27583488
1,-27129856
1,-27795456
1,-27573248
1,-27820544
1,-28139520
1,-27714048
1,-27621888
1,-27156992
1,-27615744
1,-28292608
1,-27719680
1,-27446784
1,-27573760
1,-27558912
1,-28213248
1,-27299840
1,-27903488
1,-26621952
1,-27433472
1,-26971136
1,-26253312
1,-27219456
1,-26614272
1,-27707392
1,-27921408
1,-27525632
1,-26949632
1,-25847808
1,-27055616
1,-20493824
1,-21710848
1,-21334528
1,-22162432
1,-21780992
1,-22266880
1,-23074304
1,-23346688
1,-23423488
1,-23440896
1,-24460800
1,-24650752
1,-24466432
1,-24378368
1,-24875008
1,-25953280
1,-25601536
1,-25761792
1,-25845760
1,-26086400
1,-25539072
1,-26441728
1,-27146240
1,-27286528
1,-26865664
1,-27170816
1,-28150272
1,-29073920
1,-28775936
1,-29842432
1,-30047232
1,-29728256
1,-30374400
1,-30477312
1,-29921280
1,-28923904
1,-30337536
1,-30378496
1,-29620224
1,-30235648
1,-30892032
1,-30859264
1,-30709760
1,-31209984
1,-30939648
1,-30802432
1,-30651904
1,-30936064
1,-30957568
1,-30758400
1,-31262720
1,-32811008
1,-32650240
1,-33895936
1,-34603008
1,-34870784
1,-35326976
1,-35617280
1,-36283904
1,-37168128
1,-38100992
1,-38830080
1,-39898624
1,-40367104
1,-41650176
1,-41795584
1,-41611776
1,-42218496
1,-42746368
1,-43627008
1,-44210176
1,-45235712
1,-45435392
1,-46367232
1,-47795200
1,-47343104
1,-48650240
1,-48199680
1,-49367040
1,-49212416
1,-49497600
1,-49820160
1,-49878528
1,-49300992
1,-50812416
1,-51168768
1,-50653184
1,-51023360
1,-50145792
1,-49684992
1,-50186240
1,-50578432
1,-50095104
1,-49717248
1,-50172928
1,-49249280
1,-49456128
1,-49285120
1,-48446464
1,-47756288
1,-47406080
1,-46818816
1,-46872064
1,-46605824
1,-46414848
1,-47097344
1,-46199808
1,-45163008
1,-45608448
1,-44507136
1,-43888128
1,-42736128
1,-43983360
1,-42981888
1,-42430976
1,-41711104
1,-41864192
1,-40925184
1,-40831488
1,-40281088
1,-39286784
1,-39015936
1,-38029824
1,-37499392
1,-36523520
1,-36403200
1,-35556352
1,-35649536
1,-40596480
1,-41327616
1,-40563200
1,-41119744
1,-41623552
1,-41075712
1,-41030656
1,-41898496
1,-42548736
1,-43274240
1,-44264448
1,-44488192
1,-45115392
1,-45544960
1,-45968896
1,-45517312
1,-46441472
1,-45478912
1,-45523456
1,-45098496
1,-44875776
1,-45112320
1,-44640768
1,-43599360
1,-43975680
1,-43554304
1,-43246592
1,-43016192
1,-42762752
1,-42929152
1,-42322944
1,-42176000
1,-41991168
1,-42331136
1,-42799104
1,-42951168
1,-43195904
1,-42482688
1,-42637312
1,-42099712
1,-41099264
1,-41036288
1,-39508480
1,-38482944
1,-38582272
1,-37696000
1,-37657088
1,-36965376
1,-37045760
1,-36294144
1,-35635200
1,-35208704
1,-34393088
1,-33655296
1,-33837568
1,-32516608
1,-32432128
1,-33207296
1,-32697856
1,-32081920
1,-32304128
1,-31786496
1,-31004672
1,-30425088
1,-30484480
1,-29681152
1,-28583424
1,-29001216
1,-29510144
1,-28627968
1,-27977216
1,-28097536
1,-27589632
1,-26859008
1,-26617856
1,-26248704
1,-27063296
1,-25576448
1,-25787904
1,-24398336
1,-25750016
1,-25788928
1,-25390080
1,-25536512
1,-25828352
1,-26150400
1,-25420800
1,-26135552
1,-27134976
1,-27262464
1,-27434496
1,-27545088
1,-28174848
1,-28438528
1,-28723200
1,-29066752
1,-29227008
1,-29656576
1,-28568064
1,-29963264
1,-29889024
1,-30127616
1,-30166016
1,-30592000
1,-31064576
1,-31434752
1,-32144384
1,-32395776
1,-33190400
1,-34488320
1,-34198016
1,-34698240
1,-35531264
1,-35089408
1,-36797952
1,-36897280
1,-37856256
1,-38964736
1,-39983104
1,-39971328
1,-40847872
1,-40059904
1,-39279616
1,-39410688
1,-38979072
1,-38943744
1,-40798720
1,-41703936
1,-23482368
1,-23095296
1,-16198656
1,-17847296
1,-20982272
1,-21663232
1,-19457024
1,-19195904
1,-18897408
1,-20162560
1,-20191232
1,-18479616
1,-19104256
1,-21200896
1,-18395136
1,-16497152
1,-19834880
1,-18275840
1,-18747904
1,-20634112
1,-20261888
1,-19940352
1,-16896512
1,-14505472
1,-16109568
1,-19779584
1,-20143616
1,-17183232
1,-17634304
1,-19821056
1,-18301440
1,-17329152
1,-18994688
1,-17134080
1,-18611200
1,-19072000
1,-16386560
1,-18692096
1,-19494912
1,-17633280
1,-17969664
1,-17751552
1,-14879744
1,-16596480
1,-18528768
1,-17313280
1,-17377280
1,-17099776
1,-16274432
1,-16579072
1,-17116160
1,-17762304
1,-19594240
1,-18783744
1,-17845760
1,-18466304
1,-19629568
1,-17308672
1,-16059904
1,-17670656
1,-20563456
1,-19358208
1,-18057216
1,-19466752
1,-18181120
1,-22346752
1,-21526528
1,-17567232
1,-17614848
1,-21120512
1,-21406720
1,-21142528
1,-18410496
1,-18765312
1,-23364096
1,-20589056
1,-19066368
1,-23426560
1,-24518144
1,-24805888
1,-20839424
1,-19913216
1,-20873728
1,-21921280
1,-22060032
1,-23326208
1,-25341440
1,-23496192
1,-23122944
1,-22702080
1,-24112640
1,-24670208
1,-25569792
1,-27433472
1,-23053312
1,-24518656
1,-24589312
1,-23264256
1,-23241728
1,-24993792
1,-25221120
1,-26177024
1,-24292864
1,-23583744
1,-27660288
1,-23403520
1,-20583936
1,-24791552
1,-25949696
1,-23490048
1,-25033728
1,-25861120
1,-24349696
1,-24657408
1,-23666688
1,-24251392
1,-24093696
1,-25130496
1,-25982976
1,-21539328
1,-21919744
1,-24247296
1,-24938496
1,-22157824
1,-23626240
1,-21264896
1,-19530752
1,-19085312
1,-18655232
1,-17852416
1,-17317376
1,-16683008
1,-15366656
1,-14427648
1,-13357568
1,-11970048
1,-11503616
1,-10489856
1,-8978944
1,-8422400
1,-7809536
1,-6541312
1,-5769728
1,-5316608
1,-3142656
1,-3160064
1,-2198016
1,-1196544
0,47616
0,1806336
0,2969600
0,3692032
0,4476928
0,4894720
0,4687872
0,5586432
0,5475840
0,5808640
0,6484992
0,6546432
0,5877248
0,6150656
0,5451264
0,4573184
0,3740672
0,3041792
0,2122240
0,1434112
0,1054720
0,372736
1,-929280
1,-2211840
1,-3236352
1,-4853760
1,-5756928
1,-7534080
1,-9504768
1,-9919488
1,-11965440
1,-12866048
1,-14485504
1,-15618560
1,-17315840
1,-18875392
1,-20111360
1,-22016000
1,-23292416
1,-24468992
1,-25901568
1,-27679744
1,-29216768
1,-29342208
1,-30893568
1,-32394240
1,-32796160
1,-33879040
1,-34228736
1,-35635712
1,-34609664
1,-35845632
1,-35386368
1,-35520000
1,-35473408
1,-34400256
1,-33055232
1,-32237056
1,-31750144
1,-31154688
1,-29783552
1,-28443648
1,-26477568
1,-24843776
1,-23664128
1,-23123968
1,-22001152
1,-19905536
1,-19580928
1,-18266624
1,-16880128
1,-15487488
1,-14380544
1,-13871104
1,-11796480
1,-10737664
1,-9259520
1,-6822912
1,-6301184
1,-5182464
1,-3319296
1,-2513408
1,-1831936
1,-561664
0,803328
0,722432
0,1177088
0,1999360
0,3491328
0,2805760
0,3146240
0,2649600
0,1371648
0,1163776
0,722944
0,555520
1,-1291776
1,-2136064
1,-2475008
1,-3706368
1,-4424192
1,-5579264
1,-7179776
1,-8760320
1,-9994752
1,-10910720
1,-12221440
1,-13310464
0,546304
0,737792
0,700928
0,749056
1,-839168
1,-956416
1,-770560
1,-91648
1,-1089024
1,-189440
1,-464384
1,-1193472
1,-999424
1,-811520
1,-70656
0,67072
1,-156160
1,-65536
1,-146432
1,-124928
0,637440
0,195072
0,368640
0,613376
0,529408
0,1544704
0,958976
0,1310720
0,1603584
0,2052608
0,1807872
0,2753536
0,4592640
0,4876800
0,4717568
0,5775872
0,5829632
0,5956608
0,6754304
0,6426112
0,7104000
0,7598080
0,9426944
0,10026496
0,10842112
0,12291584
0,12460032
0,13310464
0,13306880
0,14235136
0,15654400
0,16109568
0,16808448
0,17865728
0,18211328
0,18548736
0,19553792
0,19652608
0,19916800
0,20538880
0,21176320
0,21181440
0,21928448
0,23329280
0,23421440
0,23831552
0,24178688
0,24076288
0,24950784
0,25064960
0,25748992
0,25373184
0,26143744
0,26472448
0,25633792
0,26046976
0,26339328
0,25799168
0,26418688
0,27396096
0,26802176
0,27596800
0,27241472
0,27346432
0,27759104
0,28053504
0,28351488
0,28618240
0,28247040
0,28756480
0,27941376
0,26957312
0,26321408
0,26701312
0,27022848
0,26346496
0,27590144
0,27696128
0,28068352
0,28499968
0,27778560
0,27467264
0,28564480
0,27362304
0,27630080
0,27491840
0,27621376
0,27993088
0,27682816
0,27987968
0,27609600
0,27251712
0,26547712
0,27204608
0,26835968
0,26981888
0,26414080
0,26627072
0,27046912
0,26780160
0,26916864
0,26656256
0,25587712
0,25636864
0,25117696
0,24087040
0,24690176
0,24710144
0,6932992
0,8041984
0,7846912
0,7587328
0,7145472
0,7117312
0,6960640
0,6468096
0,6937088
0,6886400
0,6702080
0,5877760
0,5989888
0,5395968
0,6796800
0,5829120
0,5016064
0,4641792
0,3389440
0,2713600
0,2680832
0,2668032
0,2043392
0,2467328
0,1590272
0,1285632
0,1018368
1,-242688
1,-340992
1,-1276928
1,-961536
1,-1858048
1,-2874880
1,-1775616
1,-2176000
1,-2390016
1,-2784768
1,-2665984
1,-3771904
1,-3233792
1,-4280832
1,-4096000
1,-4448256
1,-4841472
1,-4490240
1,-4438528
1,-6019072
1,-5753856
1,-6086656
1,-5530112
1,-5356032
1,-6393856
1,-6140416
1,-6056960
1,-6118400
1,-6687232
1,-5607936
1,-6751232
1,-6147584
1,-6195712
1,-6339584
1,-5991936
1,-7896064
1,-7764992
1,-9044480
1,-8390656
1,-8731136
1,-8410624
1,-7702528
1,-9110016
1,-8069632
1,-9736704
1,-9153536
1,-8617472
1,-8463872
1,-8110592
1,-8596992
1,-8120320
1,-7735296
1,-7191552
1,-7514112
1,-7417344
1,-7363584
1,-7044096
1,-7416320
1,-7213568
1,-7316480
1,-6949376
1,-6841344
1,-6533632
1,-6549504
1,-7031296
1,-6936064
1,-7293952
1,-7270912
1,-7394816
1,-7778816
1,-7597568
1,-7984128
1,-7424512
1,-7619072
1,-7229952
1,-7565824
1,-8172544
1,-7777280
1,-8643584
1,-8185856
1,-7306240
1,-7998464
1,-8197120
1,-8647680
1,-7579648
1,-8064000
1,-8356352
1,-8220672
1,-9082368
1,-9240576
1,-10369536
1,-9812992
1,-10487808
1,-9470976
1,-8578048
1,-9148928
1,-9001472
1,-9058816
1,-8813568
1,-9014784
1,-8950272
1,-21174272
1,-21636096
1,-22956544
1,-23319040
1,-21962240
1,-23292416
1,-23300096
1,-23617536
1,-24624128
1,-25094656
1,-24956416
1,-25259520
1,-25059840
1,-24834560
1,-23632384
1,-23473664
1,-23320576
1,-22733824
1,-24066560
1,-22720512
1,-22800384
1,-23242752
1,-22200320
1,-22286336
1,-22170624
1,-22039040
1,-20897792
1,-21263360
1,-20889600
1,-19773440
1,-19270656
1,-19671552
1,-19506176
1,-19391488
1,-18652160
1,-16927744
1,-15792640
1,-15308288
1,-14452224
1,-14893056
1,-11877888
1,-13057024
1,-11269632
1,-11682816
1,-11756032
1,-10579968
1,-9586688
1,-8763904
1,-9168896
1,-8905216
1,-9019392
1,-6739968
1,-7718912
1,-7463936
1,-7768064
1,-7706624
1,-8588800
1,-7042560
1,-8278528
1,-9010176
1,-8399872
1,-9534464
1,-11241472
1,-12078080
1,-11123712
1,-11093504
1,-10601984
1,-11523072
1,-13140992
1,-13446656
1,-14245888
1,-13744640
1,-15208960
1,-17008640
1,-18653696
1,-17638400
1,-18646016
1,-19780608
1,-18633216
1,-19037696
1,-18754560
1,-19924480
1,-18689536
1,-16932864
1,-16564224
1,-14707712
1,-13878784
1,-14037504
1,-13271040
1,-9865216
1,-10490368
1,-9628672
1,-8550400
1,-7490048
1,-3992576
1,-4768768
1,-2873344
1,-2204672
1,-561664
0,579072
0,1471488
0,3473920
0,3978240
0,4839936
0,5842432
0,5718016
0,6557184
0,7779328
0,7677952
0,7721472
0,10110464
0,9784320
0,9304576
0,8736256
0,10222592
0,9651712
0,9469952
0,9180160
0,9814016
0,9635840
0,10802688
0,10644480
0,9713664
0,10937856
0,10394112
0,11090944
0,11349504
0,9534976
0,4120064
0,4793344
0,3766784
0,5775360
0,5624320
0,5488128
0,6638080
0,6791680
0,6384640
0,7038976
0,7593984
0,6955008
0,7591936
0,8678400
0,9159680
0,9140736
0,10668032
0,11149824
0,10322944
0,10814976
0,10222592
0,10428416
0,9518592
0,10427392
0,9887744
0,11159552
0,11227648
0,10984960
0,11665920
0,10909184
0,11240960
0,11927040
0,11216896
0,11969024
0,10626048
0,11265024
0,11491840
0,12365312
0,11923968
0,11887104
0,10587136
0,10814976
0,10857984
0,9894912
0,10189312
0,10249216
0,10577408
0,10631168
0,10369536
0,9979904
0,10843136
0,10029056
0,9709568
0,10046976
0,9290752
0,9899520
0,9928192
0,9533440
0,10685440
0,10342400
0,9836032
0,10163200
0,10588160
0,9788416
0,10285568
0,8949760
0,10248704
0,10124800
0,9572352
0,10700288
0,10818560
0,10808832
0,10704896
0,10099200
0,10952704
0,10381824
0,10767872
0,11958784
0,11115008
0,12713472
0,11948032
0,12528128
0,12973568
0,12100608
0,12103680
0,12277248
0,13128192
0,12697088
0,13244928
0,13475840
0,13460480
0,13505024
0,14760448
0,14790144
0,15490560
0,15460864
0,16049664
0,16965632
0,17154048
0,17522176
0,17231872
0,17986560
0,18381312
0,19224576
0,18610688
0,18970112
0,18655744
0,19808768
0,19843072
0,19387904
0,19674624
0,21146112
0,20525056
0,20940800
0,21426176
0,21757440
0,21130752
0,21166080
0,21089792
0,20311552
0,20880896
0,20488704
0,20370944
0,21877248
0,20397056
0,21874176
0,21428224
0,20763136
0,21880320
0,19839488
0,20636160
0,20774400
0,19627520
0,20224000
0,20587520
0,20315136
0,19478528
0,18367488
0,17972224
0,17970176
0,17141760
0,16894976
0,15287808
0,16303616
0,15962624
0,16647680
0,14671360
0,14079488
0,13730304
0,12764160
0,12362752
0,11693568
0,11567104
0,11228672
0,13161472
0,12964352
0,12694016
0,13420032
0,13265920
0,12353024
0,12742144
0,13774848
0,12977664
0,13380608
0,12376064
0,11728384
0,11523584
0,12110336
0,11552768
0,11916800
0,11890176
0,10269184
0,10331648
0,9977344
0,8472064
0,11095040
0,10017280
0,10375680
0,9236992
0,8188928
0,9016832
0,8238592
0,8387072
0,7884800
0,8439296
0,8553984
0,8681984
0,10378752
0,9018368
0,9499136
0,8256512
0,9751552
0,9376768
0,8484864
0,9118208
0,7443968
0,7668224
0,8114176
0,8476160
0,7995904
0,7289344
0,8261120
0,6437376
0,6264832
0,6817280
0,6153216
0,5801472
0,6582784
0,6649856
0,6941696
0,6211584
0,6358528
0,5871616
0,5963776
0,7241728
0,5036544
0,6046720
0,6397440
0,6608384
0,6522368
0,5804032
0,6369792
0,5998080
0,5064704
0,5793280
0,4671488
0,4201472
0,4104704
0,3770368
0,3052032
0,4253184
0,3422208
0,2946048
0,2897408
0,2057728
0,3142656
0,3369984
0,3108864
0,2874368
0,3529728
0,3944960
0,4876800
0,5035520
0,4873216
0,4735488
0,4443648
0,5376000
0,5103104
0,4590080
0,4728832
0,4828160
0,6287360
0,4564480
0,4527616
0,5242368
0,4099584
0,14999040
0,14779392
0,13699072
0,14629376
0,14562816
0,14619648
0,14670336
0,14976512
0,13515776
0,15127552
0,13453312
0,13478400
0,13664256
0,14260736
0,16012800
0,14846464
0,14055424
0,16024064
0,14426624
0,13333504
0,14215168
0,12478976
0,14526976
0,13889024
0,12939264
0,14426624
0,14736384
0,13925888
0,13324800
0,13590016
0,12915712
0,14351872
0,12729344
0,14668800
0,12924416
0,13338112
0,15374336
0,12712960
0,15949312
0,12698624
0,13009920
0,14192640
0,14362112
0,14191616
0,12323328
0,12810752
0,12898816
0,15560704
0,14416896
0,14038016
0,14903296
0,13295616
0,14347264
0,12654592
0,11913216
0,12051968
0,11873792
0,12844544
0,11591168
0,12875776
0,13288960
0,12942848
0,11871232
0,12893696
0,12062720
0,12426240
0,13518848
0,11665408
0,12537856
0,13101568
0,12515840
0,13154304
0,12552704
0,11729408
0,10186752
0,10481664
0,12530176
0,11634688
0,12231168
0,11671040
0,9018880
0,12428288
0,10725888
0,11361280
0,10909184
0,9491968
0,9836544
0,11298816
0,11464704
0,10185216
0,8869376
0,9059840
0,10515968
0,9957888
0,9690112
0,9019392
0,7004160
0,8269824
0,8645120
0,8579072
0,8390144
0,8552448
0,7001088
0,8320000
0,7578112
0,6737920
0,7598080
0,6776832
0,6544896
0,6108160
0,6507008
0,7014912
0,6222848
0,6321152
0,5683712
0,3685376
0,5091840
0,5120000
0,4998656
0,5655040
0,4107776
0,3784192
0,4942848
0,3846144
0,4920320
0,4319232
0,2273792
0,2847232
1,-11056128
1,-13512704
1,-14049280
1,-13061632
1,-16373760
1,-12392448
1,-14031360
1,-14659584
1,-15340544
1,-15571968
1,-15223296
1,-16443904
1,-15152640
1,-14766592
1,-16181248
1,-15395328
1,-16690688
1,-15458304
1,-16358912
1,-15883776
1,-18125824
1,-18929152
1,-17362432
1,-19352576
1,-17274880
1,-19366400
1,-18380288
1,-18384896
1,-18224640
1,-15923712
1,-18873856
1,-18286592
1,-19191296
1,-18817536
1,-19972608
1,-20708864
1,-20881920
1,-20407296
1,-20450816
1,-21882368
1,-19598336
1,-19894784
1,-21989888
1,-20202496
1,-23238144
1,-22173184
1,-21431296
1,-22963200
1,-25737216
1,-21560320
1,-22602752
1,-23383552
1,-23549440
1,-21922304
1,-22658560
1,-23989760
1,-21161472
1,-23223296
1,-22179328
1,-21828608
1,-22213120
1,-21026816
1,-22952960
1,-22272000
1,-23058944
1,-21401600
1,-23525376
1,-20953600
1,-21358592
1,-20196352
1,-22002176
1,-20586496
1,-20502528
1,-19407872
1,-19989504
1,-18851328
1,-20461568
1,-18823680
1,-20638720
1,-20540416
1,-19146240
1,-18699264
1,-19904512
1,-20314112
1,-18413568
1,-19376128
1,-18983936
1,-18733568
1,-20022784
1,-17256960
1,-18473984
1,-17005568
1,-17452032
1,-16014336
1,-15514112
1,-15099904
1,-14875648
1,-15366144
1,-16093696
1,-16229888
1,-15101952
1,-13562880
1,-15757312
1,-13885952
1,-13060096
1,-12133376
1,-14723072
1,-15056384
1,-13864448
1,-15228928
1,-16589312
1,-13925376
1,-13199360
1,-14283264
1,-13766144
1,-12613632
1,-12963328
1,-13608960
1,-14269440
1,-14466560
1,-14915072
1,-14228480
1,-13115904
1,-13750272
1,-13089792
1,-12587008
1,-12558336
1,-10787840
0,11228672
0,10590208
0,11535872
0,12105216
0,10702336
0,10081792
0,11421184
0,11877888
0,12603904
0,12743680
0,13269504
0,14618112
0,14542336
0,15182336
0,15552512
0,16371200
0,15871488
0,16293376
0,16493056
0,17713664
0,16747520
0,18590720
0,18847744
0,17659392
0,16666112
0,17006592
0,16052224
0,15038464
0,14780928
0,13805568
0,13384192
0,14749696
0,13507072
0,13677056
0,14355968
0,13556224
0,13831680
0,12451328
0,11357184
0,10543104
0,11592704
0,10816512
0,10813952
0,9496576
0,8078848
0,8013824
0,6349312
0,5234176
0,3829248
0,2279424
0,1052160
0,811520
0,564736
1,-817664
0,292352
1,-1161728
1,-3594752
1,-3125248
1,-3593728
1,-6051840
1,-7708160
1,-7628288
1,-8466432
1,-8744448
1,-10191360
1,-11049472
1,-12683776
1,-13019648
1,-14602240
1,-17791488
1,-19231744
1,-21042176
1,-23109120
1,-24409600
1,-25947136
1,-28202496
1,-28870144
1,-29833216
1,-30692864
1,-32206336
1,-33833472
1,-34643968
1,-36267008
1,-36987392
1,-37581824
1,-37454848
1,-37598720
1,-37122560
1,-39276032
1,-39819264
1,-41927680
1,-41229312
1,-42698752
1,-42113536
1,-43145728
1,-43434496
1,-42810368
1,-42608640
1,-43137024
1,-44032000
1,-44006400
1,-44630528
1,-44179456
1,-45291520
1,-46039552
1,-44878336
1,-45057536
1,-43145728
1,-44534784
1,-43291136
1,-43198464
1,-42968064
1,-42761216
1,-41564160
1,-41570304
1,-40756224
1,-39998464
1,-37554688
1,-37691392
1,-35160064
1,-35668480
1,-32179200
1,-32282112
1,-31431168
1,-30066688
1,-28788224
1,-27175424
1,-25922560
0,16340480
0,17395200
0,15079424
0,16364032
0,17001984
0,15879680
0,16064512
0,17378816
0,15774208
0,15554048
0,14892544
0,15303680
0,16144384
0,15519232
0,15620096
0,15265280
0,14865408
0,14403072
0,14650880
0,13435392
0,12808192
0,13914624
0,14322176
0,13561344
0,14055936
0,13712896
0,14817792
0,15679488
0,16332288
0,15409152
0,14301184
0,12937216
0,12232704
0,10848256
0,13169664
0,12346880
0,13620224
0,11014144
0,12873728
0,10248192
0,11586560
0,11515904
0,12361216
0,11116544
0,11491328
0,11214848
0,12190208
0,12054528
0,11416576
0,11367936
0,11267584
0,11172864
0,9068032
0,9649152
0,10480640
0,11706368
0,9048576
0,11021824
0,11797504
0,11636224
0,10440192
0,12470784
0,10271744
0,9905664
0,10471936
0,10773504
0,10518528
0,9993216
0,10708480
0,10807296
0,10188800
0,10086912
0,8941056
0,8180736
0,7750144
0,7001088
0,7878144
0,7439872
0,6388224
0,7583232
0,8607744
0,7811072
0,6585856
0,7544832
0,7967232
0,7800832
0,8305152
0,7002624
0,5976064
0,7499264
0,5622784
0,4627968
0,5903872
0,6145536
0,5143552
0,4946944
0,3703296
0,1955840
0,1460736
0,1602560
0,462336
0,2157056
0,2189312
0,1493504
0,1717760
0,1808384
0,407552
1,-1300480
0,1454592
0,1441280
0,629248
0,336384
1,-101376
0,752640
0,468992
0,1370112
1,-370688
1,-1406464
1,-2362368
1,-1137664
1,-2880512
1,-3194368
1,-1360384
1,-644096
1,-1353728
0,71680
1,-414208
1,-179200
0,48418304
0,48925696
0,48013312
0,46177792
0,46393344
0,44379648
0,42881536
0,39999488
0,39495168
0,37048832
0,35090432
0,33687552
0,31882752
0,30920704
0,29560832
0,28319744
0,26977280
0,24810496
0,22980608
0,21519360
0,19759616
0,18158592
0,17517568
0,16852480
0,14784512
0,13989888
0,12800000
0,13190656
0,10575360
0,9735168
0,9050112
0,7163904
0,5985280
0,4802560
0,4093952
0,2780672
0,2425344
0,2319360
0,1241088
1,-1294336
1,-2124800
1,-4147200
1,-4655616
1,-5330432
1,-5782016
1,-6572544
1,-6511616
1,-6417920
1,-6601216
1,-7417856
1,-7658496
1,-8305664
1,-8926720
1,-9187328
1,-8859648
1,-9020416
1,-9562112
1,-9938432
1,-9533952
1,-10318848
1,-10699264
1,-10867712
1,-10909696
1,-11043840
1,-11068928
1,-11862016
1,-11252224
1,-11644416
1,-11644416
1,-11976192
1,-11246592
1,-10224640
1,-11108352
1,-11212288
1,-11547648
1,-12198912
1,-11830272
1,-11917824
1,-10126336
1,-9275904
1,-8439808
1,-7133696
1,-5640704
1,-4080128
1,-3269120
1,-2141696
0,190464
0,2470400
0,4699648
0,8301568
0,11878400
0,13635072
0,15360512
0,18950656
0,20197376
0,21621248
0,24932864
0,24174080
0,26886656
0,28631040
0,30417920
0,33250304
0,35644928
0,36251136
0,37348352
0,38241280
0,39111680
0,40527360
0,41871872
0,42618880
0,44892672
0,46087168
0,46760448
0,47813632
0,46448640
0,47059968
0,47424000
0,47954944
0,47325696
0,48634880
0,49135616
0,48038912
0,48389632
0,49233408
0,49373696
0,48586752
0,48699392
0,47714816
1,-19523584
1,-19696640
1,-19142144
1,-19273216
1,-19064832
1,-20511744
1,-19848192
1,-18852864
1,-19833856
1,-20177920
1,-19928576
1,-20823552
1,-21753856
1,-21675520
1,-22316544
1,-22529536
1,-21501440
1,-22324736
1,-22016000
1,-22315520
1,-22904320
1,-24267264
1,-24736768
1,-25017856
1,-24436224
1,-25576960
1,-25606656
1,-25207296
1,-25095168
1,-25395712
1,-26201088
1,-26765824
1,-27855360
1,-27337728
1,-27809280
1,-28306432
1,-29116416
1,-28502528
1,-28832768
1,-29380096
1,-30019072
1,-30788096
1,-31790080
1,-31806976
1,-32934400
1,-33010688
1,-34732032
1,-34414080
1,-35116544
1,-35433984
1,-35075584
1,-35863552
1,-36401152
1,-35971584
1,-37857792
1,-38470656
1,-39144448
1,-38511104
1,-39446528
1,-39359488
1,-38666752
1,-39981568
1,-39139328
1,-39940608
1,-40353280
1,-41051648
1,-40573440
1,-40633856
1,-40414720
1,-40476672
1,-40118272
1,-39563776
1,-39183872
1,-38924800
1,-39827456
1,-38878208
1,-38657024
1,-38158848
1,-38129152
1,-37339136
1,-37700096
1,-35800576
1,-35091456
1,-35313664
1,-34177536
1,-33881088
1,-34168832
1,-33852928
1,-33726976
1,-32210944
1,-30765056
1,-30301696
1,-29774336
1,-28722688
1,-28096000
1,-27014144
1,-27211264
1,-26385920
1,-26400768
1,-26204160
1,-25130496
1,-23963648
1,-23342592
1,-22767616
1,-21527040
1,-20328960
1,-21432832
1,-20735488
1,-19731968
1,-19997184
1,-20152320
1,-19064320
1,-19118592
1,-18545664
1,-17928192
1,-17573376
1,-18414592
1,-17606144
1,-17404416
1,-18089472
1,-18096640
1,-18332672
1,-18121728
1,-18782720
1,-18340352
1,-18477056
1,-18905088
1,-19113472
0,8996864
0,9710592
0,10386944
0,10566656
0,11196928
0,12260352
0,11578368
0,10437120
0,11094016
0,10788352
0,10162688
0,11061248
0,10868224
0,11783680
0,12257792
0,12569600
0,13067776
0,11449856
0,12161024
0,11483648
0,10330624
0,11232768
0,11660288
0,11461632
0,11473408
0,11866112
0,12111360
0,11788288
0,11193344
0,10115584
0,10570752
0,9458176
0,9413120
0,9668096
0,9645568
0,10009088
0,9798656
0,9918976
0,9761280
0,9438208
0,9119744
0,8753152
0,8879616
0,8806912
0,8399360
0,8749056
0,9900032
0,10597376
0,8757248
0,9929728
0,9236992
0,8757760
0,8533504
0,7452160
0,8155648
0,7992832
0,9836544
0,8889856
0,9756672
0,9791488
0,8739328
0,9562112
0,8331264
0,8735232
0,8181760
0,8861696
0,9658368
0,10315264
0,9561600
0,9720320
0,9079296
0,10443776
0,10175488
0,9729536
0,9774080
0,9566208
0,10624000
0,11012096
0,11785728
0,12482560
0,12911104
0,13075456
0,12746240
0,13081600
0,13502976
0,13125120
0,12686848
0,14541312
0,14670848
0,16141312
0,16249344
0,16136704
0,16000000
0,16206336
0,16564224
0,16984064
0,16897536
0,17828864
0,17701376
0,19132928
0,18981888
0,19722240
0,20014592
0,20075008
0,19710976
0,19955200
0,19937792
0,20955648
0,19788800
0,20133888
0,21489664
0,20780032
0,21966848
0,21219840
0,20893696
0,21435904
0,20853248
0,21216768
0,20603904
0,20910592
0,21874176
0,22258176
0,22630912
0,21926400
0,21667840
0,21184000
0,20725248
0,20319232
1,-23169024
1,-23051776
1,-23163904
1,-22574592
1,-22534144
1,-22431744
1,-23072256
1,-23067648
1,-23343104
1,-22371328
1,-22189056
1,-21462528
1,-22050816
1,-20980224
1,-20038656
1,-21457920
1,-20537856
1,-21284864
1,-21093888
1,-21401600
1,-22165504
1,-20685824
1,-20061696
1,-19631104
1,-20298752
1,-20309504
1,-20302848
1,-20518912
1,-20592640
1,-19187200
1,-20465664
1,-19862528
1,-19081216
1,-19679744
1,-18868736
1,-17800704
1,-17574400
1,-18854912
1,-18301440
1,-18826240
1,-19345920
1,-19117056
1,-19091968
1,-18436608
1,-18972672
1,-17300992
1,-16964608
1,-17651712
1,-16705024
1,-17121280
1,-17682944
1,-17864704
1,-18789376
1,-18843648
1,-17291264
1,-17366528
1,-16502272
1,-16266752
1,-15869952
1,-15312896
1,-15852032
1,-15035904
1,-15432704
1,-15767040
1,-15784960
1,-14016512
1,-13989888
1,-13890048
1,-13095936
1,-13200384
1,-12935680
1,-12912640
1,-12705792
1,-13157376
1,-13368832
1,-12553728
1,-12461568
1,-12065280
1,-11596288
1,-11395072
1,-11562496
1,-11883520
1,-12416000
1,-12295168
1,-11957248
1,-11653632
1,-11577856
1,-11521024
1,-11557888
1,-10687488
1,-10942464
1,-10344960
1,-11054592
1,-11081216
1,-10888192
1,-10744832
1,-9635328
1,-9876480
1,-9522176
1,-10444288
1,-9546240
1,-9671168
1,-9325056
1,-9754112
1,-9010688
1,-10055680
1,-9771520
1,-8376832
1,-9376256
1,-8329728
1,-7859200
1,-7464448
1,-7356928
1,-7528448
1,-8024576
1,-7693312
1,-8095744
1,-7452672
1,-7476736
1,-6576128
1,-6100992
1,-5523456
1,-6147072
1,-5099520
1,-5624320
1,-6128128
1,-5237248
1,-5305344
1,-6957568
1,-6742528
1,-7383552
1,-7044608
1,-7294976
1,-7191040
1,-6471168
1,-6299648
1,-5516800
1,-5957632
1,-6292992
1,-5752832
1,-6799360
1,-6099968
1,-6028288
1,-6359040
1,-6019584
1,-5752320
1,-5269504
1,-5577728
1,-6346752
1,-5870592
1,-5845504
1,-5438976
1,-6400000
1,-6246400
1,-5779456
1,-6495744
1,-6000640
1,-4576256
1,-5379584
1,-4532224
1,-4664832
1,-4836352
1,-4252672
1,-4892672
1,-4438016
1,-4603392
1,-3753472
1,-3450880
1,-3856896
1,-3892736
1,-3359744
1,-3608064
1,-3516928
1,-4120064
1,-4256768
1,-4390400
1,-4588544
1,-3913216
1,-3867648
1,-3119104
1,-3378688
1,-3255296
1,-3226112
1,-2982400
1,-3769856
1,-3423232
1,-2722304
1,-1944576
1,-1344000
1,-1138176
1,-1285632
1,-1433088
1,-1108992
1,-955392
1,-1238528
1,-1092096
1,-1587200
1,-1293824
1,-638464
1,-1154560
1,-1035776
1,-1286656
1,-945152
1,-851456
1,-1512960
1,-1518080
1,-2182144
1,-2237440
1,-1568256
1,-1627136
1,-1301504
1,-1472512
1,-1812480
1,-1495552
1,-1056768
1,-1391616
1,-1942528
1,-1858560
1,-2590720
1,-2214912
1,-2251264
1,-1641472
1,-625664
1,-1105920
1,-868864
1,-1721856
1,-1783296
1,-986112
1,-1369600
1,-1578496
1,-1492992
1,-1434112
1,-803840
1,-858112
1,-655360
1,-221696
1,-194048
1,-597504
1,-829440
0,232960
1,-140800
1,-101888
1,-180736
0,267264
0,433664
0,182784
0,817664
0,385536
0,682496
0,895488
0,265728
0,747520
0,226304
0,1261568
0,1342464
0,1654272
0,4290560
0,3993600
0,3379712
0,3117056
0,2961408
0,3602432
0,3237376
0,2912256
0,4462592
0,4104704
0,4186624
0,3951104
0,3571200
0,3256832
0,3060224
0,2870784
0,3382272
0,2970112
0,3620864
0,4183552
0,3619840
0,3100672
0,2725376
0,1919488
0,1555968
0,1492992
0,2057216
0,1943552
0,2324480
0,2967040
0,2962944
0,3064832
0,2830336
0,2307584
0,2235392
0,2358272
0,1757696
0,1616896
0,1807872
0,2599424
0,3927040
0,3288064
0,4102656
0,3162112
0,2875392
0,2959360
0,2257408
0,1971712
0,2370048
0,2204160
0,2836992
0,3574272
0,3562496
0,4187648
0,4113920
0,3163648
0,2915840
0,1944064
0,2221056
0,2951680
0,2875904
0,2909184
0,2386432
0,2578944
0,3344896
0,2061312
0,3430400
0,1963008
0,2345472
0,2328576
0,1818112
0,2923520
0,3118080
0,2907136
0,3760640
0,3181568
0,3863552
0,3254784
0,2598912
0,2395648
0,2228224
0,2676224
0,2161152
0,3266048
0,2126848
0,2729472
0,1485824
0,2229248
0,1464832
0,567296
0,730624
0,481280
0,361984
0,1797632
0,1014784
0,2061312
0,2077184
0,2637312
0,2532864
0,1586176
0,1643008
0,1197568
0,1344512
0,1570816
0,2277376
0,3000832
0,3747840
0,3018752
0,3036160
0,3108864
0,3172352
0,3335168
0,3302912
0,3968512
0,3889152
0,4553728
0,5483520
0,5881344
0,5760000
0,4576768
0,5702144
0,5365248
0,5417472
0,4654080
0,5622784
0,6575104
0,6885376
0,7484416
1,-9869824
1,-8883200
1,-8717312
1,-8495616
1,-7035392
1,-6641152
1,-4954624
1,-4338176
1,-2972672
1,-2973696
1,-2264064
1,-1387008
1,-1320448
1,-692736
0,67584
0,456192
0,953856
0,2250752
0,2533888
0,3518464
0,3696128
0,3020288
0,3858944
0,2352128
0,2345472
0,1976320
0,1666048
0,1866752
0,1871872
0,2597376
0,2385408
0,2337792
0,1906176
0,2327040
0,1933824
0,1564160
0,2063872
0,1567232
0,2107392
0,2483712
0,1909248
0,1357824
0,1220608
0,224768
0,438272
1,-539136
1,-1701888
1,-1955840
1,-1100288
1,-889856
1,-1292800
1,-1816576
1,-2275328
1,-2680832
1,-4340736
1,-4089344
1,-5010432
1,-5620736
1,-4932096
1,-4460544
1,-5357568
1,-5413376
1,-4801536
1,-5298688
1,-5232128
1,-5366784
1,-5383168
1,-5861376
1,-5211136
1,-4560896
1,-4912640
1,-4672000
1,-4709376
1,-4941312
1,-4253184
1,-4303360
1,-3458560
1,-3669504
1,-3496960
1,-3011072
1,-3256832
1,-2403328
1,-1846784
1,-890880
1,-750080
1,-539648
1,-242176
1,-1139712
1,-1248768
0,82432
0,118272
1,-258048
1,-23552
0,1041920
0,1490432
0,2573824
0,2412544
0,2302464
0,2476032
0,2807296
0,3119616
0,2533376
0,3542016
0,5294080
0,5188096
0,5201408
0,5219328
0,5723136
0,6531072
0,5153280
0,4858368
0,4726272
0,5927424
0,6175744
0,7683072
0,7749632
0,8391680
0,8008704
0,6586368
0,6594048
0,6604800
0,6290944
0,5607424
0,6312448
0,6713856
0,8113664
0,7429120
0,6729216
1,-10514944
1,-11114496
1,-12265472
1,-11840000
1,-12750336
1,-12890624
1,-13528064
1,-13427200
1,-14160384
1,-14470144
1,-15316480
1,-15986176
1,-15731712
1,-16451584
1,-16744448
1,-16080384
1,-15591424
1,-15519232
1,-15249920
1,-14262784
1,-14888448
1,-15583744
1,-14956032
1,-15175680
1,-14593024
1,-14967808
1,-15125504
1,-14571520
1,-14775296
1,-14195712
1,-14790144
1,-14935552
1,-15540736
1,-15873536
1,-15611392
1,-14906368
1,-14543360
1,-13779968
1,-13331968
1,-12719616
1,-12278272
1,-12425728
1,-11046912
1,-11056640
1,-9842688
1,-10002944
1,-9035264
1,-8074752
1,-6883840
1,-6266880
1,-5144576
1,-4401664
1,-4089856
1,-4256768
1,-3883008
1,-4465664
1,-3355136
1,-2514432
1,-1717248
1,-1743360
1,-1799680
1,-700416
1,-368640
0,157696
0,15872
1,-229888
1,-356864
1,-260096
1,-436736
0,986624
0,788480
0,1561600
0,1174528
0,1318912
0,1611264
0,819200
0,1582080
0,2096640
0,2128896
0,3243008
0,2339328
0,2572288
0,2644992
0,2023936
0,1729024
0,177152
1,-456192
1,-849408
1,-1438208
1,-1044992
1,-486912
1,-85504
1,-460288
1,-125952
0,280064
1,-64512
0,67584
0,133120
0,916992
0,1124352
0,770560
0,1582592
0,1193472
0,1726464
0,1647616
0,2011136
0,2285568
0,2477568
0,2779136
0,1468416
0,2189824
0,2254848
0,3486720
0,3005440
0,2969088
0,1487872
0,1934336
0,769536
0,42496
1,-639488
1,-566272
1,-1312768
1,-1285120
1,-1196032
1,-1414656
1,-1772544
1,-1548800
1,-1651200
0,12627968
0,12777472
0,13161472
0,11858432
0,10633728
0,10967552
0,13507072
0,14360576
0,13518848
0,13614592
0,13068288
0,13478400
0,13286912
0,12253184
0,11041792
0,11214848
0,14367744
0,17413120
0,18721280
0,18179072
0,14729728
0,13096448
0,12804096
0,13340160
0,14566912
0,14358528
0,12675072
0,11987456
0,13057536
0,15013376
0,17187840
0,17824768
0,16001536
0,15597056
0,13729280
0,14244864
0,16028160
0,17049088
0,17198592
0,16943104
0,15948288
0,15822848
0,15254528
0,15922688
0,15919104
0,15000064
0,14950912
0,14746624
0,13912576
0,15323648
0,15832064
0,16051712
0,15069184
0,13676032
0,13578240
0,12867072
0,13315584
0,15375360
0,16880128
0,18128384
0,17527296
0,17531904
0,17385472
0,18007040
0,17159680
0,16390656
0,16144896
0,15879168
0,16531456
0,17202688
0,18873856
0,19658240
0,19287040
0,18323456
0,17833984
0,16355328
0,16445952
0,15640064
0,15906816
0,16208384
0,17494016
0,20297216
0,20619264
0,21890560
0,19433472
0,16921088
0,17072128
0,17368576
0,18442752
0,17944064
0,18355712
0,18266112
0,19124224
0,20432896
0,21078528
0,21353984
0,19241472
0,18345984
0,17783296
0,16784384
0,16402432
0,16727552
0,18962432
0,20260352
0,20945920
0,19985920
0,19238400
0,18697728
0,19372032
0,20169216
0,20430336
0,20793856
0,20515840
0,18758656
0,18297344
0,19145728
0,20578304
0,20573184
0,20189696
0,20061184
0,19452928
0,19968000
0,20794368
0,20536832
0,21461504
0,20010496
0,18826240
0,19186176
0,18069504
0,17975296
0,17708032
0,17307136
0,17134592
0,16847872
0,17486336
0,17515008
0,18061312
0,18374656
0,18623488
0,18465280
0,17722880
0,17984512
0,17661440
0,17168384
0,17139712
0,16261120
0,16632320
0,17030656
0,16199168
0,16320512
0,15200256
0,15071232
0,14530048
0,14002176
0,13549056
0,12940288
0,13500416
0,12576256
0,12112896
0,11404800
0,10786304
0,11013632
0,9544192
0,9272832
0,9012224
0,8466944
0,8548864
0,8383488
0,8233984
0,7870976
0,7176192
0,6209024
0,5077504
0,4658176
0,3279872
0,2519040
0,1504768
0,926720
0,649728
0,604672
1,-280576
1,-317440
1,-976896
1,-2103808
1,-2427392
1,-3438592
1,-3665920
1,-4197888
1,-4590080
1,-4060160
1,-4924416
1,-4798976
1,-5470208
1,-5939712
1,-7458304
1,-7130112
1,-8685056
1,-10019840
1,-9811456
1,-10569216
1,-10428416
1,-10825728
1,-11078144
1,-10776064
1,-11596288
1,-11525120
1,-12375040
1,-12992512
1,-13214208
1,-14039040
1,-14156800
1,-14303744
1,-14013440
1,-13780480
1,-13901824
1,-14706688
1,-14702592
1,-15236608
1,-15152128
1,-15443968
1,-15529984
1,-15912448
1,-15331328
1,-16820736
1,-15262720
1,-15158784
1,-15824896
1,-15782912
1,-16033280
1,-16855552
1,-16624640
1,-16675328
1,-17103872
1,-16286720
1,-16328192
1,-15981568
1,-16028160
1,-16837120
1,-16137216
1,-16211968
1,-17259008
1,-17733120
1,-17497600
1,-18419712
1,-18139648
1,-17474048
1,-17357824
1,-17369600
1,-17105408
1,-16959488
1,-17264128
1,-17405440
1,-16822272
1,-16851968
1,-17631232
1,-17523200
1,-7631872
1,-8303104
1,-8175104
1,-8926208
1,-8573440
1,-8421888
1,-9690624
1,-8393216
1,-8131072
1,-8460288
1,-8514560
1,-7432704
1,-7426560
1,-7859712
1,-7873024
1,-7756288
1,-7569408
1,-7371264
1,-8333312
1,-8169984
1,-7436800
1,-7367168
1,-7383552
1,-6870016
1,-6280704
1,-6258688
1,-6274560
1,-6333952
1,-5940224
1,-5203456
1,-5679104
1,-4964352
1,-5061632
1,-4655616
1,-4436480
1,-4989952
1,-4674048
1,-4736000
1,-4880896
1,-4787200
1,-4204544
1,-3935232
1,-4004352
1,-3211264
1,-3041280
1,-2287104
1,-2575872
1,-2780160
1,-2810880
1,-2422272
1,-2294272
1,-2412544
1,-2171392
1,-1859584
1,-696832
1,-2155008
1,-1432064
1,-1357312
1,-1341440
1,-1080320
1,-1314816
1,-1331712
1,-1475584
1,-1028096
1,-1007616
1,-817152
1,-586752
1,-653824
1,-624128
1,-807936
1,-308224
1,-1246208
1,-1556992
1,-777728
1,-1098240
1,-725504
1,-503808
1,-463872
1,-298496
1,-551936
1,-717312
1,-370688
1,-1230848
1,-1064448
1,-662528
1,-761344
1,-1031168
0,38912
0,297984
0,331264
0,567808
0,731136
0,406016
0,438784
0,330752
0,635904
0,1252352
0,1053184
0,1337344
0,2037760
0,2215424
0,1808896
0,1420288
0,1558528
0,1730048
0,1388032
0,2134016
0,2098176
0,3232256
0,2779648
0,3068416
0,3248128
0,3397120
0,3388416
0,3414016
0,3715584
0,4209152
0,4538880
0,4770816
0,5187072
0,5075968
0,4940800
0,4907008
0,4827648
0,4369920
0,4770816
0,5202432
0,6500864
1,-9284096
1,-9620992
1,-10420736
1,-9909248
1,-10874880
1,-10944000
1,-11062272
1,-10601472
1,-10948608
1,-10480128
1,-10796544
1,-11489280
1,-11807232
1,-11963904
1,-12477440
1,-12496896
1,-11975680
1,-12433920
1,-11090432
1,-12016128
1,-10958336
1,-11969536
1,-11945984
1,-11983360
1,-12875776
1,-11698176
1,-13015552
1,-12008960
1,-11587072
1,-10932736
1,-11646464
1,-11113472
1,-11110400
1,-11204608
1,-12310016
1,-11314688
1,-12462080
1,-11437568
1,-11548160
1,-11894272
1,-11124224
1,-10694144
1,-11399168
1,-11515392
1,-11798528
1,-11501056
1,-11513856
1,-12687872
1,-12401664
1,-12293120
1,-11950080
1,-12399104
1,-11960832
1,-11988480
1,-11413504
1,-11357696
1,-11681280
1,-11765248
1,-11751424
1,-11173376
1,-11012096
1,-10810880
1,-10630656
1,-10218496
1,-10683392
1,-10110464
1,-9839104
1,-10092544
1,-9919488
1,-10562560
1,-10134016
1,-10046976
1,-9457152
1,-10285568
1,-9342464
1,-9811968
1,-9968128
1,-9180160
1,-10251776
1,-8972288
1,-8799232
1,-8736256
1,-8767488
1,-8458240
1,-8201728
1,-8061952
1,-7529984
1,-8105984
1,-8006144
1,-7705600
1,-8994304
1,-8603648
1,-8121344
1,-7071744
1,-6964224
1,-7021568
1,-6166528
1,-6838272
1,-7435264
1,-6777856
1,-7650304
1,-6882816
1,-7083520
1,-7189504
1,-6849536
1,-6753280
1,-6682112
1,-5562880
1,-5249536
1,-5902336
1,-6029312
1,-5943808
1,-6845440
1,-6136320
1,-6338048
1,-5373440
1,-5469696
1,-4903936
1,-5137408
1,-4556800
1,-4935680
1,-4438528
1,-4999168
1,-5073408
1,-5235200
1,-5372928
1,-4584960
1,-4303872
1,-4416000
1,-4575744
1,-4757504
1,-4371456
1,-4302848
1,-5426688
1,-5086208
1,-5655040
1,-5231616
1,-5352960
1,-5980672
1,-5405184
1,-6164992
1,-5466112
1,-6070784
1,-5978624
1,-6631424
1,-6999552
1,-7201792
1,-7254016
1,-6767616
1,-8218112
1,-6790144
1,-7694848
1,-8217088
1,-7080448
1,-7923712
1,-8008704
1,-8529920
1,-8246272
1,-8898560
1,-9072128
1,-9256448
1,-8710656
1,-8182272
1,-8610816
1,-9021952
1,-8728064
1,-9358848
1,-9535488
1,-9860608
1,-9057280
1,-9690112
1,-9973248
1,-10562048
1,-10781696
1,-10274816
1,-10187776
1,-10350592
1,-9914368
1,-10549248
1,-10632192
1,-10839552
1,-10749952
1,-10723328
1,-10634752
1,-10585600
1,-10940416
1,-10316800
1,-10643968
1,-10383360
1,-10888192
1,-10889216
1,-11142656
1,-11415040
1,-12353536
1,-11366400
1,-11231744
1,-11022336
1,-11587584
1,-11536384
1,-12355584
1,-11700224
1,-11705856
1,-11625984
1,-11890688
1,-11481600
1,-12167168
1,-11657728
1,-12069888
1,-11330048
1,-11793920
1,-12584448
1,-12168192
1,-12881920
1,-12971008
1,-12850688
1,-12687872
1,-13119488
1,-12868608
1,-12483584
1,-12572672
1,-13090816
1,-12843008
1,-13288448
1,-13851648
1,-12998656
1,-13679104
1,-13703168
1,-13248000
1,-13763072
1,-12713472
1,-13237760
1,-13191680
1,-13058048
1,-13666304
1,-12917248
1,-13223936
1,-13632512
1,-12870656
1,-12992000
1,-12783104
1,-13208576
1,-12634112
1,-12977664
1,-13027840
1,-12634112
1,-13103104
1,-12714496
1,-12717056
1,-11982336
1,-11479040
1,-11610624
1,-10914304
1,-11195392
1,-11006464
1,-10945024
1,-10914304
1,-1034752
1,-1043456
1,-1297920
1,-1470464
1,-1515008
1,-1229824
1,-1502208
1,-1043968
1,-1269248
1,-1504768
1,-1587200
1,-1809408
1,-1721344
1,-1953792
1,-2434560
1,-2715136
1,-2927104
1,-2447360
1,-3157504
1,-2517504
1,-3365376
1,-3938816
1,-3104768
1,-4168704
1,-4438528
1,-4179968
1,-4418048
1,-4448768
1,-4637696
1,-5603328
1,-5052416
1,-5554176
1,-5007360
1,-6193152
1,-6430720
1,-6752256
1,-6683648
1,-6525952
1,-6769664
1,-6405632
1,-6863872
1,-7070720
1,-6934528
1,-7212544
1,-7169536
1,-8041472
1,-8044032
1,-8296448
1,-8380928
1,-8525312
1,-8826880
1,-8577024
1,-7965696
1,-8825344
1,-8962560
1,-9022976
1,-9692160
1,-9869824
1,-10642432
1,-10010624
1,-10413568
1,-10585600
1,-10397184
1,-10745344
1,-11285504
1,-11232256
1,-11536384
1,-11697664
1,-12183552
1,-11971072
1,-12268032
1,-12832256
1,-12100096
1,-12087808
1,-12316672
1,-12915712
1,-13144576
1,-12536832
1,-13189120
1,-13924352
1,-13043712
1,-13302272
1,-12701696
1,-13813760
1,-12848640
1,-13877248
1,-13117952
1,-14357504
1,-14860800
1,-15007744
1,-15559168
1,-15253504
1,-15796736
1,-15691776
1,-15913984
1,-15716352
1,-15987200
1,-16186880
1,-16237568
1,-16343552
1,-16438784
1,-17506304
1,-17736704
1,-17897984
1,-18107904
1,-17746432
1,-17908736
1,-18417664
1,-18336256
1,-17612288
1,-18563584
1,-18513408
1,-18352640
1,-19120640
1,-19117056
1,-19104256
1,-19075584
1,-18573312
1,-19184128
1,-19140608
1,-18770432
1,-19348992
1,-19453952
1,-20252672
1,-19904512
1,-20209152
1,-20268544
1,-20183040
0,52224
1,-413184
1,-889344
0,563200
0,1140224
0,1487872
0,931328
0,1250816
0,2174464
0,2923008
0,2126336
0,2690560
0,1721856
0,949248
0,1563136
0,1362944
0,2356736
0,2715136
0,2041344
0,1384448
0,1358848
0,875008
0,451072
0,293376
0,605184
0,479232
0,347136
0,706560
0,439296
0,830464
0,995840
0,1127424
0,2616320
0,1747456
0,2506240
0,1997312
0,1305600
0,1444864
0,833024
0,2430464
0,2150912
0,1592832
0,2868736
0,3285504
0,2884096
0,3379712
0,2457088
0,2850816
0,2294272
0,1131008
0,723456
0,996864
0,1202688
1,-112128
0,861696
0,1266688
0,897024
0,1100288
0,689664
0,327680
1,-69120
0,0
1,-380416
1,-957952
1,-1331200
1,-749568
1,-1983488
1,-1714176
1,-1446400
1,-2137600
1,-2105856
1,-2492416
1,-3237376
1,-3367936
1,-2908160
1,-2459648
1,-2824192
1,-3123712
1,-3058688
1,-3429888
1,-2990080
1,-3773440
1,-4500992
1,-5714944
1,-4839424
1,-5645312
1,-5152768
1,-4976128
1,-5740032
1,-5338624
1,-6184448
1,-6052864
1,-6510592
1,-8269824
1,-7880704
1,-7940608
1,-7081472
1,-7808512
1,-7448064
1,-7673344
1,-8213504
1,-7891456
1,-8403968
1,-8788480
1,-9217024
1,-9387008
1,-8853504
1,-9075712
1,-8685568
1,-8390144
1,-8811520
1,-8885760
1,-9064448
1,-8799744
1,-8517120
1,-9415680
1,-9313280
1,-9367040
1,-9600000
1,-9737216
1,-9840640
1,-10019840
1,-9997824
1,-10167808
1,-10435584
1,-10778112
1,-10457088
1,-11137024
0,6021632
0,5959168
0,5980672
0,6239744
0,6411776
0,6622720
0,6734336
0,5982720
0,6709760
0,6962176
0,7689728
0,6904320
0,7920128
0,7541760
0,7835136
0,7617536
0,7697920
0,7736832
0,8083456
0,7971328
0,7647744
0,8741888
0,8878592
0,8889344
0,9633792
0,9661952
0,9781760
0,9253888
0,9718784
0,9624576
0,10260992
0,10476544
0,9889280
0,9545216
0,10478080
0,10748416
0,10660352
0,11060736
0,9272320
0,10079232
0,10419712
0,10575872
0,10674688
0,10360320
0,10915328
0,10475520
0,10709504
0,10763776
0,9999872
0,10049536
0,10437632
0,10639872
0,10791424
0,11142144
0,11986944
0,11697664
0,12190208
0,11691520
0,11385856
0,11614720
0,11674112
0,11905024
0,12265472
0,12049408
0,12183552
0,12916736
0,13044736
0,12824064
0,12932096
0,12916736
0,12545024
0,12513792
0,12951040
0,13148160
0,13041664
0,12831232
0,13324288
0,12765696
0,12500480
0,12743680
0,11989504
0,12198400
0,13463552
0,12614144
0,13011968
0,12896256
0,13067776
0,13495808
0,13416960
0,13697536
0,13822464
0,13173760
0,13047808
0,13804032
0,13508096
0,13407744
0,14284288
0,13289984
0,13662208
0,13508096
0,13574144
0,12820992
0,11972096
0,12846592
0,12201472
0,12063744
0,12695552
0,12188160
0,12537856
0,12378624
0,12364800
0,12647424
0,12065792
0,11083776
0,11483648
0,11802112
0,12111360
0,11576320
0,12057088
0,12060160
0,11561472
0,11642368
0,11351040
0,11514368
0,11036672
0,11092992
0,11073536
0,10889216
0,60204544
0,61085184
0,60285952
0,60651520
0,60122624
0,59764736
0,59627008
0,59186688
0,59090432
0,58875904
0,58197504
0,59173376
0,58620416
0,58171392
0,58229248
0,58157568
0,58614784
0,57570816
0,58102272
0,57178112
0,57364992
0,58051072
0,57759744
0,58014208
0,57621504
0,57480192
0,56540672
0,56616448
0,56371712
0,55909376
0,56440832
0,55837696
0,55876096
0,55261184
0,54628352
0,55413248
0,54530560
0,53940224
0,54617088
0,54472192
0,53609984
0,53684736
0,53791744
0,53814784
0,53301760
0,53468672
0,53308928
0,53337088
0,53264384
0,52941312
0,52904960
0,52949504
0,52532736
0,52647936
0,52258816
0,52879872
0,52743680
0,52192768
0,52268544
0,51706368
0,51760640
0,51593728
0,51762176
0,51419136
0,51134464
0,51303936
0,50906112
0,51308544
0,50762240
0,51182592
0,50093568
0,50806272
0,50332160
0,50465280
0,49832960
0,50715648
0,50612224
0,50253312
0,50568704
0,49802752
0,50172928
0,49496064
0,49716224
0,49068544
0,48650240
0,49712640
0,49304576
0,48591360
0,48866816
0,48896000
0,48103936
0,48762368
0,48383488
0,47882240
0,48366080
0,48389120
0,47460864
0,47661568
0,48094720
0,47661056
0,47860224
0,47375360
0,47552512
0,47223296
0,47262208
0,47105536
0,47794688
0,48159232
0,47667712
0,47952384
0,47513088
0,47672832
0,47536640
0,47651840
0,47809536
0,47299584
0,47319040
0,46964224
0,47553536
0,46916096
0,47733248
0,47716352
0,47198720
0,48035328
0,47092224
0,47639552
0,47349760
0,47743488
1,-69989376
1,-70675968
1,-69969920
1,-69786624
1,-69532160
1,-69204480
1,-69519872
1,-68804608
1,-68999168
1,-68566016
1,-68651008
1,-68838400
1,-68754432
1,-68302336
1,-68256768
1,-68627456
1,-67212288
1,-67979264
1,-67720192
1,-67350016
1,-67121152
1,-67708928
1,-67540480
1,-67368448
1,-66691584
1,-66406912
1,-66260992
1,-66286080
1,-66518016
1,-66061312
1,-66593280
1,-66030592
1,-65946112
1,-65828352
1,-65369600
1,-65630720
1,-64823296
1,-65388032
1,-65031680
1,-65175552
1,-65607168
1,-65379328
1,-65202176
1,-64782848
1,-65328640
1,-64383488
1,-64494080
1,-64725504
1,-64695296
1,-64424960
1,-64436736
1,-64446976
1,-64664064
1,-64571904
1,-63619072
1,-64090112
1,-63110144
1,-63774208
1,-63667712
1,-62814720
1,-64106496
1,-63956992
1,-63660032
1,-63847936
1,-62235648
1,-63050752
1,-63163392
1,-62914048
1,-62097920
1,-61960704
1,-61860864
1,-62003200
1,-61539328
1,-61256704
1,-60946944
1,-60679680
1,-60729856
1,-60426240
1,-60695552
1,-61074432
1,-60094464
1,-60593664
1,-59780608
1,-60495360
1,-60101632
1,-59916800
1,-59370496
1,-59595776
1,-58828800
1,-58882560
1,-58537984
1,-58564608
1,-58571264
1,-58079232
1,-58221056
1,-58139648
1,-58430464
1,-58271744
1,-57198592
1,-57333248
1,-57118208
1,-57052672
1,-57204736
1,-57112576
1,-56778752
1,-57095168
1,-56905216
1,-56737280
1,-56321536
1,-56257536
1,-55846400
1,-55692800
1,-55924736
1,-55777792
1,-55451136
1,-55026176
1,-55357952
1,-54909952
1,-55132160
1,-54667776
1,-53469184
1,-53916160
1,-53380608
1,-53884928
1,-53999616
1,-53201408
1,-53355008
1,-53402624
1,-4072960
1,-4643328
1,-4737024
1,-3695104
1,-3961344
1,-3952640
1,-3402240
1,-3070464
1,-3866112
1,-3422720
1,-4139520
1,-3619840
1,-4345344
1,-3895808
1,-3063296
1,-3429888
1,-3385856
1,-2874880
1,-2159616
1,-2897408
1,-2347520
1,-1867776
1,-2230784
1,-1950208
1,-1572352
1,-526848
1,-1159680
1,-920064
1,-902144
1,-398336
1,-260608
1,-285696
1,-648704
1,-1068032
1,-596992
1,-1246720
1,-733696
1,-105472
1,-744960
1,-502784
0,287744
1,-116224
0,389632
0,330240
0,271872
0,826880
0,1215488
0,633856
0,634368
0,1188352
0,1620480
0,1515008
0,1605120
0,1348096
0,2100224
0,1292288
0,1905152
0,1270784
0,1446400
0,1386496
0,1404416
0,2290688
0,1778688
0,1802752
0,1730048
0,2138624
0,1833472
0,2154496
0,2822656
0,2820096
0,2902016
0,3217920
0,2845696
0,3068928
0,3415552
0,3270656
0,2516992
0,3308544
0,3095552
0,3413504
0,3146752
0,4005376
0,3660800
0,3898368
0,3205632
0,3223040
0,3138560
0,3283456
0,3302400
0,3059200
0,3133952
0,3658752
0,3624960
0,4173312
0,3863040
0,3504128
0,3441152
0,4108800
0,3908608
0,3176960
0,3383808
0,3511808
0,4302848
0,3555840
0,4343296
0,4078080
0,4123136
0,4263424
0,4701184
0,4500992
0,4742656
0,4873216
0,5090304
0,5810176
0,6126592
0,6557696
0,6576128
0,6310400
0,5612544
0,5660672
0,5521920
0,6308352
0,6255104
0,6413824
0,6642688
0,6204928
0,6816256
0,6744064
1,-31304192
1,-31659008
1,-31568384
1,-31906304
1,-32540672
1,-32127488
1,-31718400
1,-32111616
1,-33071616
1,-33546752
1,-33358848
1,-33402368
1,-33841664
1,-33777664
1,-33741312
1,-33602048
1,-34073088
1,-33777664
1,-34774016
1,-34416640
1,-35172352
1,-35156992
1,-35460608
1,-36280832
1,-35705856
1,-36402176
1,-36252160
1,-36132864
1,-36634624
1,-36528128
1,-37323264
1,-37464576
1,-37486592
1,-37932032
1,-37697024
1,-38266880
1,-38472192
1,-37144064
1,-37006848
1,-38110720
1,-38951936
1,-38816256
1,-38873600
1,-39364096
1,-39720960
1,-39042048
1,-39256064
1,-39689728
1,-39588864
1,-39803904
1,-39768064
1,-40308224
1,-40080384
1,-39950848
1,-40300544
1,-40392192
1,-40577536
1,-40080896
1,-39614976
1,-40167424
1,-39877632
1,-39994368
1,-39990784
1,-40721920
1,-41179136
1,-41292800
1,-41499136
1,-41747456
1,-41763328
1,-41504768
1,-41570304
1,-41055232
1,-41987584
1,-41917952
1,-42717184
1,-43521024
1,-42945536
1,-42947584
1,-43668480
1,-43361792
1,-43413504
1,-43347968
1,-43718656
1,-44064256
1,-43892224
1,-44424704
1,-43938816
1,-44361216
1,-44499456
1,-44389376
1,-44534272
1,-44775424
1,-44170240
1,-43791872
1,-44905472
1,-44664832
1,-45199360
1,-45110784
1,-44749824
1,-45303808
1,-45068800
1,-44951552
1,-44724736
1,-44825600
1,-44697088
1,-44485632
1,-45137920
1,-44992512
1,-44853760
1,-44892672
1,-44340736
1,-43739136
1,-43589120
1,-43782144
1,-43518464
1,-44729856
1,-43716608
1,-44613120
1,-43865088
1,-44380672
1,-44605952
1,-44111872
1,-44086272
1,-43534336
1,-43525632
1,-43780096
1,-43671040
1,-43738624
0,45426176
0,44984320
0,44932608
0,44141568
0,43985408
0,44078080
0,43721728
0,43825664
0,43603456
0,44361216
0,44452864
0,44249600
0,43923456
0,43189760
0,42886656
0,41933312
0,42334720
0,42827776
0,43283968
0,42806784
0,42443264
0,43616256
0,43478528
0,42948096
0,42946560
0,42035200
0,42003456
0,42062336
0,41728512
0,42460160
0,42400768
0,41851904
0,41490432
0,41469952
0,41108992
0,40666624
0,40698880
0,40473088
0,39849472
0,40133632
0,40104448
0,40088576
0,40379392
0,40527872
0,40601088
0,39515648
0,39741440
0,39877120
0,39279104
0,39697920
0,38821376
0,39161344
0,40295424
0,39275520
0,38827520
0,38356480
0,38258176
0,38622208
0,37648384
0,38019584
0,36474880
0,37513216
0,37651968
0,37302784
0,37092864
0,37078016
0,36589056
0,36893696
0,36052992
0,35877376
0,34640896
0,34824192
0,35535360
0,34982400
0,35508224
0,35455488
0,35846656
0,35064320
0,35186688
0,34571264
0,34650624
0,34580480
0,35186176
0,34618368
0,35147264
0,34948096
0,35469312
0,34333696
0,35476992
0,34826240
0,34888704
0,34376192
0,34697728
0,34435584
0,35174912
0,35254272
0,35886080
0,35110912
0,34486784
0,34953216
0,34025472
0,33955328
0,34235392
0,33883136
0,33662464
0,34205184
0,33966080
0,34607616
0,34690560
0,34190336
0,34677248
0,34642432
0,33688576
0,34375680
0,34424320
0,34117120
0,34415104
0,34548736
0,34735616
0,35311104
0,35174912
0,34309120
0,34263040
0,34524160
0,34247168
0,34500096
0,35624448
0,36119040
1,-49238528
1,-49272320
1,-48480768
1,-48599040
1,-48448000
1,-48468992
1,-48662528
1,-48153088
1,-47715328
1,-47736832
1,-47919616
1,-47397376
1,-47090176
1,-46889984
1,-46222336
1,-47294464
1,-47237120
1,-46231552
1,-46466560
1,-46300672
1,-46398976
1,-46178816
1,-45984768
1,-46185472
1,-46024704
1,-46553600
1,-46836224
1,-46344192
1,-46935552
1,-46160896
1,-46501888
1,-46396416
1,-46317056
1,-45822464
1,-46222336
1,-45887488
1,-46033920
1,-46623232
1,-46571008
1,-46681600
1,-46281728
1,-46180864
1,-45858304
1,-46300672
1,-45766144
1,-45697024
1,-45195264
1,-45086720
1,-45032960
1,-44869120
1,-44414976
1,-45531136
1,-44961792
1,-44643840
1,-44640768
1,-43585024
1,-43531264
1,-43826176
1,-43194368
1,-43462656
1,-43727872
1,-43900928
1,-43609600
1,-44057600
1,-43354624
1,-43727360
1,-43572736
1,-42780160
1,-42617856
1,-42633728
1,-43541504
1,-43173888
1,-44209152
1,-43290112
1,-43239424
1,-43074560
1,-41673216
1,-42370560
1,-42570240
1,-42117632
1,-42575872
1,-41785856
1,-42039296
1,-42431488
1,-42627584
1,-41810944
1,-41917952
1,-41334272
1,-41176064
1,-41292288
1,-40592384
1,-40595968
1,-40950784
1,-40943616
1,-40425472
1,-40226816
1,-41148416
1,-40071680
1,-40275968
1,-39796224
1,-40370176
1,-39887360
1,-39805440
1,-40397312
1,-39649280
1,-39725056
1,-39788032
1,-39816192
1,-39366144
1,-39742464
1,-39424000
1,-39567872
1,-40024064
1,-39422976
1,-40507904
1,-40273920
1,-40058880
1,-39873536
1,-39945728
1,-38682112
1,-39179264
1,-38859776
1,-38766592
1,-39346176
1,-39032832
1,-38693376
1,-38922752
1,-39132672
0,23747072
0,23937536
0,23928832
0,23259648
0,23473664
0,24509440
0,23407616
0,24816640
0,24205312
0,24471552
0,24422400
0,24694272
0,24187904
0,23529984
0,24714240
0,23815680
0,23846912
0,23458816
0,24131072
0,24332800
0,24229376
0,24161792
0,23703040
0,23485952
0,22993408
0,22773248
0,22737920
0,22420480
0,22839296
0,23264768
0,23280640
0,23071232
0,22994944
0,22972416
0,22531584
0,22534144
0,22200832
0,21732864
0,21559296
0,21545472
0,21813248
0,22069760
0,21877760
0,22354432
0,21412864
0,21265408
0,21294592
0,21443072
0,20682240
0,20408832
0,21577216
0,21215232
0,21052928
0,20916736
0,21291008
0,21255680
0,20210176
0,19786752
0,19975168
0,18957312
0,19848704
0,19388416
0,19842048
0,18746368
0,19229696
0,18900992
0,18582016
0,18148352
0,17935360
0,17525248
0,16585216
0,16647168
0,17282048
0,17221120
0,16805888
0,16589312
0,16287232
0,15986176
0,15001088
0,15198208
0,14219776
0,13666816
0,14449664
0,13895168
0,14405120
0,14410752
0,14416896
0,14172160
0,13703680
0,13175808
0,12959232
0,12523520
0,12689408
0,11931648
0,12703232
0,12830720
0,12464128
0,12736000
0,12059648
0,11342336
0,10580480
0,11046400
0,11151360
0,10440704
0,10578944
0,10377728
0,10613248
0,10666496
0,10711552
0,10458624
0,10107392
0,9090048
0,9302016
0,8744960
0,8340992
0,8984576
0,9199616
0,8992768
0,8855040
0,8086016
0,7962112
0,8710656
0,6909440
0,6729728
0,7174144
0,7481856
0,7304192
0,7444992
1,-2652160
1,-2561024
1,-2352640
1,-3458048
1,-2771968
1,-3956736
1,-4098048
1,-4042752
1,-3472896
1,-4084736
1,-3430912
1,-3958272
1,-4564992
1,-4614144
1,-4873728
1,-4953600
1,-5418496
1,-4543488
1,-4636672
1,-4562944
1,-4509696
1,-5341184
1,-4192256
1,-5839872
1,-4994048
1,-5380096
1,-5855744
1,-5858304
1,-5504000
1,-5061120
1,-5323264
1,-4873216
1,-5675520
1,-6030848
1,-6233088
1,-6608896
1,-7226368
1,-6733312
1,-6241792
1,-7113728
1,-6201856
1,-5640704
1,-6056448
1,-5877760
1,-5580288
1,-5523968
1,-5121024
1,-4900864
1,-4533248
1,-3765248
1,-2891264
1,-3500544
1,-3135488
1,-2173440
1,-986624
1,-1477120
1,-861184
1,-157184
1,-108544
0,394240
0,1068544
0,1881600
0,2132992
0,2340864
0,2787328
0,2487296
0,2816000
0,2820608
0,2651648
0,4165120
0,3632640
0,3967488
0,4317184
0,4084224
0,4932608
0,4361728
0,4862464
0,4054528
0,4401152
0,5177856
0,5261312
0,6573056
0,6598656
0,7418368
0,7734272
0,7716864
0,7559680
0,8028672
0,8363520
0,8312832
0,9208832
0,10041856
0,10260480
0,10602496
0,10808832
0,11323392
0,11856384
0,11675648
0,11983360
0,11856896
0,12458496
0,11786752
0,12982784
0,13298176
0,13305856
0,14215680
0,14974976
0,14471168
0,13771776
0,13642752
0,12443648
0,12525568
0,12517376
0,14010368
0,14325248
0,14548480
0,12583424
0,12291072
0,11958272
0,11574272
0,10702848
0,9773056
0,9892864
0,10485248
0,10511360
0,10694144
0,10763264
0,10428416
1,-24294400
1,-24038912
1,-24430080
1,-25543680
1,-25126400
1,-24583168
1,-24795136
1,-25623040
1,-24593408
1,-25139200
1,-24453120
1,-24269824
1,-25565184
1,-25387520
1,-25538560
1,-25830400
1,-27413504
1,-27254784
1,-27154944
1,-26812416
1,-27252736
1,-27127296
1,-27427840
1,-27775488
1,-27427328
1,-27494912
1,-27734016
1,-26325504
1,-26175488
1,-25840640
1,-25059840
1,-24939520
1,-25816576
1,-24621056
1,-25119744
1,-23387136
1,-24522240
1,-25206784
1,-25094656
1,-25104384
1,-25157632
1,-24400896
1,-23316992
1,-23137280
1,-24201216
1,-24305664
1,-26647040
1,-27802624
1,-27749376
1,-27172864
1,-28455424
1,-28384256
1,-28426240
1,-29498880
1,-29089792
1,-29899776
1,-30705664
1,-31169536
1,-30838784
1,-30659584
1,-31934464
1,-30629888
1,-31294976
1,-29781504
1,-29225472
1,-28903936
1,-26877440
1,-27666944
1,-26652160
1,-25630208
1,-27329536
1,-26779648
1,-26108416
1,-27543552
1,-27180544
1,-27812352
1,-28699648
1,-29493760
1,-31237632
1,-30497280
1,-31073792
1,-29954560
1,-29824512
1,-30730752
1,-30253056
1,-29544448
1,-30334976
1,-29700608
1,-28824576
1,-28542976
1,-28315648
1,-29220864
1,-29003264
1,-29832192
1,-30974976
1,-30420992
1,-31365632
1,-31151104
1,-31953408
1,-33661440
1,-33411584
1,-33220096
1,-33574912
1,-32984576
1,-31916032
1,-32457728
1,-32993280
1,-31305216
1,-32500224
1,-31430144
1,-30682112
1,-29289472
1,-29651968
1,-29365248
1,-28967424
1,-27693056
1,-28398080
1,-27099648
1,-27848704
1,-27014656
1,-26220544
1,-25669120
1,-24243200
1,-24311296
1,-22934016
1,-23426560
1,-21848576
1,-21106688
0,22941696
0,22503424
0,23149056
0,22520320
0,23220736
0,22356480
0,21734912
0,21373440
0,20630016
0,20317184
0,19540992
0,20092416
0,20093952
0,20567040
0,20004352
0,19849728
0,19689984
0,19119616
0,18528256
0,18593792
0,17887232
0,17815552
0,17790976
0,18062336
0,18106880
0,18856960
0,18554368
0,18452480
0,18301952
0,18108416
0,17319424
0,17514496
0,17518080
0,17830400
0,18900480
0,18492928
0,18851840
0,18335744
0,18644480
0,17955328
0,17894400
0,17902592
0,17199104
0,16913920
0,17467392
0,18327552
0,17716224
0,17679360
0,17251328
0,17616896
0,16552960
0,17059328
0,16916480
0,16635904
0,16992768
0,15939584
0,17036288
0,16720896
0,17140224
0,16372224
0,16335360
0,15420416
0,14920704
0,14614528
0,14422528
0,13635072
0,14512640
0,14816256
0,14704128
0,14757376
0,15119360
0,13381632
0,13101056
0,12369920
0,12022272
0,11858944
0,12046336
0,12625408
0,11472896
0,12239872
0,11863040
0,11774976
0,11278848
0,11101696
0,11314688
0,9885184
0,10238976
0,10535424
0,10459648
0,10426880
0,9589760
0,9657344
0,9320960
0,9352704
0,8960000
0,8105472
0,8388608
0,7870976
0,7713792
0,8091648
0,8864768
0,8207360
0,6944256
0,6552064
0,6212096
0,5268992
0,4249600
0,4988928
0,3751424
0,3529728
0,3767296
0,3565568
0,3924992
0,2874368
0,2644480
0,1249792
0,1830400
1,-84480
0,337920
1,-198656
1,-407552
0,698368
1,-304640
0,151552
1,-1441280
1,-1141248
1,-1738240
1,-1891328
1,-11596288
1,-11283968
1,-12494848
1,-11673600
1,-10976256
1,-10777088
1,-10469888
1,-10829312
1,-11118080
1,-10168320
1,-11062272
1,-11134976
1,-10589696
1,-10421760
1,-10615808
1,-10029568
1,-10347008
1,-9260032
1,-9687552
1,-9480192
1,-10172928
1,-9150464
1,-9840128
1,-10414080
1,-9946624
1,-10092032
1,-9076224
1,-9212416
1,-8559104
1,-8859136
1,-8644608
1,-9031680
1,-9175552
1,-8858624
1,-8964096
1,-9171968
1,-8117248
1,-8906240
1,-8766464
1,-7772672
1,-8616960
1,-7878144
1,-8243712
1,-7762944
1,-7797248
1,-8348160
1,-8467968
1,-7834112
1,-7554560
1,-7014400
1,-7241216
1,-6856192
1,-7081984
1,-6316544
1,-7037440
1,-6793216
1,-7210496
1,-6142976
1,-6436352
1,-5512192
1,-5600256
1,-6098432
1,-5222400
1,-5829632
1,-5805568
1,-6713344
1,-5634048
1,-5826560
1,-575
